.	0	3	12	26	38	
.	0	3722	400900	875095	16290810	
.	1	3	12	26	38	
.	1	7292	297749	800438	16290810	
.	2	3	12	26	38	
.	2	9930	259243	734680	16290810	
.	3	3	12	26	38	
.	3	519	270882	765412	16290810	
.	4	12	26	38	
.	4	199763	670964	16290810	
.	5	12	26	38	
.	5	149281	558813	16290810	
.	6	3	12	26	38	
.	6	45	180039	612200	16290810	
.	7	12	26	38	
.	7	168801	595284	16290810	
.	8	12	26	38	
.	8	187084	576600	16290810	
.	9	12	26	38	
.	9	199426	668765	16290810	
.	10	12	26	38	
.	10	172738	566524	16290810	
.	11	12	26	38	
.	11	195539	652315	16290810	
.	12	3	12	26	38	
.	12	65	181700	592482	16290810	
.	13	12	26	38	
.	13	187153	622208	16290810	
.	14	12	26	38	
.	14	173591	600625	16290810	
.	15	12	26	38	
.	15	185147	639506	16290810	
.	16	12	26	38	
.	16	190673	655377	16290810	
.	17	3	12	26	38	
.	17	1692	194175	664972	16290810	
.	18	12	26	38	
.	18	193917	666362	16290810	
.	19	3	12	26	38	
.	19	207	195449	666576	16290810	
.	20	3	12	26	38	
.	20	78	201108	677181	16290810	
.	21	12	26	38	
.	21	202473	684135	16290810	
.	22	12	26	38	
.	22	205589	691827	16290810	
.	23	12	26	38	
.	23	209348	703861	16290810	
.	24	12	26	38	
.	24	210988	705346	16290810	
.	25	3	12	26	38	
.	25	111	235846	728810	16290810	
.	26	3	12	26	38	
.	26	195	241457	741773	16290810	
.	27	12	26	38	
.	27	241615	741066	16290810	
.	28	3	12	26	38	
.	28	11	246357	752215	16290810	
.	29	3	12	26	38	
.	29	1683	253052	767165	16290810	
.	30	3	12	26	38	
.	30	61	250846	761655	16290810	
.	31	3	12	26	38	
.	31	2909	255182	769108	16290810	
.	32	3	12	26	38	
.	32	344	256720	775175	16290810	
.	33	3	12	26	38	
.	33	210	256560	775180	16290810	
.	34	3	12	26	38	
.	34	253	262809	787899	16290810	
.	35	3	12	26	38	
.	35	725	262910	787573	16290810	
.	36	3	12	26	38	
.	36	7	262156	784822	16290810	
.	37	3	12	26	38	
.	37	162	268693	800247	16290810	
.	38	3	12	26	38	
.	38	244	267830	798821	16290810	
.	39	3	12	26	38	
.	39	784	275301	814520	16290810	
.	40	3	12	26	38	
.	40	1	280951	826362	16290810	
.	41	3	12	26	38	
.	41	402	290145	836927	16290810	
.	42	3	12	26	38	
.	42	582	289851	843238	16290810	
.	43	3	12	26	38	
.	43	427	287016	841980	16290810	
.	44	3	12	26	38	
.	44	1184	285210	835955	16290810	
.	45	3	12	26	38	
.	45	100	284851	834083	16290810	
.	46	3	12	26	38	
.	46	114	288073	844576	16290810	
.	47	3	12	26	38	
.	47	2	294581	860442	16290810	
.	48	3	12	26	38	
.	48	15	298247	863295	16290810	
.	49	3	12	26	38	
.	49	91	305936	882912	16290810	
.	50	3	12	26	38	
.	50	18	299050	868553	16290810	
.	51	3	12	26	38	
.	51	28	300057	870682	16290810	
.	52	3	12	26	38	
.	52	234	314156	901604	16290810	
.	53	3	12	26	38	
.	53	961	313774	899150	16290810	
.	54	3	12	26	38	
.	54	322	313583	900785	16290810	
.	55	3	12	26	38	
.	55	91	328366	927343	16290810	
.	56	3	12	26	38	
.	56	3	332884	939034	16290810	
.	57	3	12	26	38	
.	57	221	325637	930748	16290810	
.	58	3	12	26	38	
.	58	90	322677	914897	16290810	
.	59	3	12	26	38	
.	59	27	328574	930953	16290810	
.	60	3	12	26	38	
.	60	65	333657	940820	16290810	
.	61	3	12	26	38	
.	61	46	330639	944369	16290810	
.	62	3	12	26	38	
.	62	36	338253	952305	16290810	
.	63	3	12	26	38	
.	63	13	342967	965523	16290810	
.	64	3	12	26	38	
.	64	155	349885	974611	16290810	
.	65	3	12	26	38	
.	65	47	347606	966974	16290810	
.	66	3	12	26	38	
.	66	115	345836	968010	16290810	
.	67	3	12	26	38	
.	67	1830	355126	994951	16290810	
.	68	3	12	26	38	
.	68	207	360832	1015503	16290810	
.	69	3	12	26	38	
.	69	107	357874	1009417	16290810	
.	70	3	12	26	38	
.	70	876	366351	1029429	16290810	
.	71	3	12	26	38	
.	71	563	379632	1062666	16290810	
.	72	3	12	26	38	
.	72	720	370497	1039658	16290810	
.	73	3	12	26	38	
.	73	28	357503	1005108	16290810	
.	74	3	12	26	38	
.	74	66	351973	988152	16290810	
.	75	3	12	26	38	
.	75	223	369949	1028958	16290810	
.	76	3	12	26	38	
.	76	171	388826	1072516	16290810	
.	77	3	12	26	38	
.	77	711	388168	1072287	16290810	
.	78	3	12	26	38	
.	78	167	389265	1075090	16290810	
.	79	3	12	26	38	
.	79	310	402377	1101361	16290810	
.	80	3	12	26	38	
.	80	463	403085	1100762	16290810	
.	81	3	12	26	38	
.	81	1926	412531	1112141	16290810	
.	82	3	12	26	38	
.	82	119	414529	1114225	16290810	
.	83	3	12	26	38	
.	83	54	399627	1089385	16290810	
.	84	3	12	26	38	
.	84	38	397931	1087350	16290810	
.	85	3	12	26	38	
.	85	152	429001	1161656	16290810	
.	86	3	12	26	38	
.	86	56	427825	1155348	16290810	
.	87	3	12	26	38	
.	87	95	415451	1123594	16290810	
.	88	3	12	26	38	
.	88	216	427607	1146668	16290810	
.	89	3	12	26	38	
.	89	423	455417	1208798	16290810	
.	90	3	12	26	38	
.	90	124	475590	1246476	16290810	
.	91	3	12	26	38	
.	91	433	485076	1258309	16290810	
.	92	3	12	26	38	
.	92	67	477947	1243742	16290810	
.	93	3	12	26	38	
.	93	748	459549	1205301	16290810	
.	94	3	12	26	38	
.	94	882	468731	1233643	16290810	
.	95	3	12	26	38	
.	95	26	486686	1271570	16290810	
.	96	3	12	26	38	
.	96	117	479572	1252068	16290810	
.	97	3	12	26	38	
.	97	161	506986	1306942	16290810	
.	98	3	12	26	38	
.	98	87	523637	1336319	16290810	
.	99	3	12	26	38	
.	99	677	565609	1417862	16290810	
.	100	3	12	26	38	
.	100	572	566711	1413500	16290810	
.	101	3	12	26	38	
.	101	2	598272	1475534	16290810	
.	102	3	12	26	38	
.	102	720	581932	1431599	16290810	
.	103	3	12	26	38	
.	103	789	582614	1428263	16290810	
.	104	12	26	38	
.	104	580996	1417576	16290810	
.	105	3	12	26	38	
.	105	47	602963	1454164	16290810	
.	106	12	26	38	
.	106	625112	1495903	16290810	
.	107	3	12	26	38	
.	107	2	597713	1438238	16290810	
.	108	3	12	26	38	
.	108	112	633351	1528519	16290810	
.	109	3	12	26	38	
.	109	366	671552	1614050	16290810	
.	110	3	12	26	38	
.	110	482	658658	1586090	16290810	
.	111	3	12	26	38	
.	111	280	681097	1618041	16290810	
.	112	12	26	38	
.	112	693241	1637699	16290810	
.	113	3	12	26	38	
.	113	61	708742	1656379	16290810	
.	114	12	26	38	
.	114	689392	1597910	16290810	
.	115	12	26	38	
.	115	682296	1569012	16290810	
.	116	12	26	38	
.	116	689670	1580552	16290810	
.	117	12	26	38	
.	117	716453	1662514	16290810	
.	118	3	12	26	38	
.	118	3	760855	1774206	16290810	
.	119	12	26	38	
.	119	756322	1777467	16290810	
.	120	12	26	38	
.	120	759962	1780503	16290810	
.	121	12	26	38	
.	121	715708	1677594	16290810	
.	122	12	26	38	
.	122	797400	1835438	16290810	
.	123	12	26	38	
.	123	845314	1915527	16290810	
.	124	12	26	38	
.	124	840583	1888155	16290810	
.	125	3	12	26	38	
.	125	29	827607	1846266	16290810	
.	126	12	26	38	
.	126	847929	1885949	16290810	
.	127	12	26	38	
.	127	864087	1936349	16290810	
.	128	3	12	26	38	
.	128	961	853030	1928365	16290810	
.	129	3	12	26	38	
.	129	672	783835	1801581	16290810	
.	130	12	26	38	
.	130	839132	1927963	16290810	
.	131	12	26	38	
.	131	870642	1991831	16290810	
.	132	12	26	38	
.	132	872596	1972279	16290810	
.	133	12	26	38	
.	133	856959	1918410	16290810	
.	134	12	26	38	
.	134	876796	1932627	16290810	
.	135	12	26	38	
.	135	926690	2019681	16290810	
.	136	12	26	38	
.	136	981754	2116803	16290810	
.	137	12	26	38	
.	137	976364	2109137	16290810	
.	138	12	26	38	
.	138	933161	2047311	16290810	
.	139	12	26	38	
.	139	937864	2078239	16290810	
.	140	12	26	38	
.	140	970539	2167297	16290810	
.	141	12	26	38	
.	141	960696	2139929	16290810	
.	142	12	26	38	
.	142	897801	2014371	16290810	
.	143	12	26	38	
.	143	977509	2149326	16290810	
.	144	12	26	38	
.	144	1050148	2242585	16290810	
.	145	12	26	38	
.	145	1035228	2186539	16290810	
.	146	12	26	38	
.	146	1129046	2348318	16290810	
.	147	12	26	38	
.	147	1162121	2392158	16290810	
.	148	12	26	38	
.	148	1127240	2345801	16290810	
.	149	12	26	38	
.	149	1109879	2348119	16290810	
.	150	12	26	38	
.	150	1175053	2599821	16290810	
A	0	12	26	38	
A	0	30808	75488	3065057	
A	1	12	26	38	
A	1	33166	108254	3093474	
A	2	12	26	38	
A	2	35251	128736	3666987	
A	3	12	26	38	
A	3	27943	99414	2466312	
A	4	12	26	38	
A	4	48498	203586	5715636	
A	5	12	26	38	
A	5	41675	197538	6111097	
A	6	12	26	38	
A	6	33462	153716	4807475	
A	7	12	26	38	
A	7	38750	179563	5106722	
A	8	12	26	38	
A	8	15800	69178	1903378	
A	9	12	26	38	
A	9	31239	138906	3948327	
A	10	12	26	38	
A	10	19316	88711	3397644	
A	11	12	26	38	
A	11	27694	125713	3734527	
A	12	12	26	38	
A	12	20047	89828	3028203	
A	13	12	26	38	
A	13	23372	105927	3021820	
A	14	12	26	38	
A	14	30313	143147	4359157	
A	15	12	26	38	
A	15	32911	154302	4326280	
A	16	12	26	38	
A	16	32651	152263	4231939	
A	17	12	26	38	
A	17	33762	157731	4251456	
A	18	12	26	38	
A	18	34881	159484	4209071	
A	19	12	26	38	
A	19	34205	156265	4131100	
A	20	12	26	38	
A	20	35012	157993	4106580	
A	21	12	26	38	
A	21	35280	158473	4054483	
A	22	12	26	38	
A	22	34883	158718	4087796	
A	23	12	26	38	
A	23	36245	162551	4117648	
A	24	12	26	38	
A	24	35423	157990	4007370	
A	25	12	26	38	
A	25	40595	162845	4015674	
A	26	12	26	38	
A	26	42101	167200	4061025	
A	27	12	26	38	
A	27	41993	166745	4010759	
A	28	12	26	38	
A	28	43056	170395	4069809	
A	29	12	26	38	
A	29	46312	179414	4119435	
A	30	12	26	38	
A	30	44679	173996	4054970	
A	31	12	26	38	
A	31	45386	177363	4100645	
A	32	12	26	38	
A	32	46146	177796	4103098	
A	33	12	26	38	
A	33	45536	175825	4025970	
A	34	12	26	38	
A	34	46578	178264	4023516	
A	35	12	26	38	
A	35	46346	176995	4036352	
A	36	12	26	38	
A	36	46128	174938	3967988	
A	37	12	26	38	
A	37	47443	179802	4003627	
A	38	12	26	38	
A	38	48561	183745	4055030	
A	39	12	26	38	
A	39	50064	186433	4013603	
A	40	12	26	38	
A	40	50612	187175	4050144	
A	41	12	26	38	
A	41	51252	189518	4092782	
A	42	12	26	38	
A	42	51028	186375	4032378	
A	43	12	26	38	
A	43	52134	191277	4041559	
A	44	12	26	38	
A	44	50995	187599	4052669	
A	45	12	26	38	
A	45	54126	193581	3981275	
A	46	12	26	38	
A	46	53096	192504	3988157	
A	47	12	26	38	
A	47	54707	196946	4017376	
A	48	12	26	38	
A	48	53560	190437	3968844	
A	49	12	26	38	
A	49	55765	197579	4013368	
A	50	12	26	38	
A	50	56193	198716	4049957	
A	51	12	26	38	
A	51	54941	195126	4001498	
A	52	12	26	38	
A	52	58020	202279	4020076	
A	53	12	26	38	
A	53	57529	203227	4052383	
A	54	12	26	38	
A	54	58013	202924	4003309	
A	55	12	26	38	
A	55	59894	207550	4014797	
A	56	12	26	38	
A	56	61557	210855	4024630	
A	57	12	26	38	
A	57	61006	209943	3958434	
A	58	12	26	38	
A	58	57550	198197	3983393	
A	59	12	26	38	
A	59	60431	206191	4020713	
A	60	12	26	38	
A	60	60476	205006	3970494	
A	61	12	26	38	
A	61	63455	214456	4015855	
A	62	12	26	38	
A	62	72964	229675	4059388	
A	63	12	26	38	
A	63	74122	236338	4019418	
A	64	12	26	38	
A	64	77325	239254	4046934	
A	65	12	26	38	
A	65	75471	236196	4066742	
A	66	12	26	38	
A	66	67857	225253	4008424	
A	67	12	26	38	
A	67	70627	232862	4022455	
A	68	12	26	38	
A	68	72550	237527	4035912	
A	69	12	26	38	
A	69	71980	234878	3979406	
A	70	12	26	38	
A	70	74463	241246	4010441	
A	71	12	26	38	
A	71	77890	251574	4061817	
A	72	12	26	38	
A	72	75152	243585	4025295	
A	73	12	26	38	
A	73	72113	236914	4061452	
A	74	12	26	38	
A	74	70687	234073	4089133	
A	75	12	26	38	
A	75	74728	242594	4041834	
A	76	12	26	38	
A	76	79035	251904	4059252	
A	77	12	26	38	
A	77	78079	249191	4080412	
A	78	12	26	38	
A	78	78487	249789	4032812	
A	79	12	26	38	
A	79	81777	255844	4043680	
A	80	12	26	38	
A	80	79808	252439	4062335	
A	81	12	26	38	
A	81	79525	249250	4013354	
A	82	12	26	38	
A	82	79155	247733	4039607	
A	83	12	26	38	
A	83	77552	246927	4090141	
A	84	12	26	38	
A	84	80023	251766	4049070	
A	85	12	26	38	
A	85	89005	274737	4080318	
A	86	12	26	38	
A	86	88668	272386	4101495	
A	87	12	26	38	
A	87	82684	255772	4040530	
A	88	12	26	38	
A	88	82428	253963	4043428	
A	89	12	26	38	
A	89	87288	264732	4049675	
A	90	12	26	38	
A	90	88676	265939	3983940	
A	91	12	26	38	
A	91	88090	261707	4002164	
A	92	12	26	38	
A	92	85246	256159	4027562	
A	93	12	26	38	
A	93	80847	247030	3999012	
A	94	12	26	38	
A	94	88177	263967	4042123	
A	95	12	26	38	
A	95	96770	283738	4084359	
A	96	12	26	38	
A	96	96091	280220	4042429	
A	97	12	26	38	
A	97	102864	289945	4049482	
A	98	12	26	38	
A	98	106040	292331	4051400	
A	99	12	26	38	
A	99	112552	301300	3988588	
A	100	12	26	38	
A	100	112192	297471	3990052	
A	101	12	26	38	
A	101	121061	313861	4001661	
A	102	12	26	38	
A	102	119925	308681	3973859	
A	103	12	26	38	
A	103	127808	320611	4023322	
A	104	12	26	38	
A	104	133961	330735	4070380	
A	105	12	26	38	
A	105	139955	340304	4044053	
A	106	12	26	38	
A	106	139353	343425	4051705	
A	107	12	26	38	
A	107	127269	322810	4042291	
A	108	12	26	38	
A	108	131060	331997	3981111	
A	109	12	26	38	
A	109	142774	350741	3980370	
A	110	12	26	38	
A	110	145277	351685	3984963	
A	111	12	26	38	
A	111	157214	369141	3950757	
A	112	12	26	38	
A	112	167236	390075	3983946	
A	113	12	26	38	
A	113	177976	409990	4030929	
A	114	12	26	38	
A	114	177305	403299	4015262	
A	115	12	26	38	
A	115	175015	394056	4027216	
A	116	12	26	38	
A	116	168162	382109	4020442	
A	117	12	26	38	
A	117	161010	379967	3947893	
A	118	12	26	38	
A	118	165859	393134	3932080	
A	119	12	26	38	
A	119	168346	395168	3930625	
A	120	12	26	38	
A	120	175865	401549	3883091	
A	121	12	26	38	
A	121	174597	399116	3902860	
A	122	12	26	38	
A	122	199324	446027	3926945	
A	123	12	26	38	
A	123	213172	471437	3917804	
A	124	12	26	38	
A	124	212858	469680	3946916	
A	125	12	26	38	
A	125	209940	457792	3949247	
A	126	12	26	38	
A	126	205033	447785	3889354	
A	127	12	26	38	
A	127	198894	441366	3859155	
A	128	12	26	38	
A	128	189232	427331	3840644	
A	129	12	26	38	
A	129	177371	405044	3786942	
A	130	12	26	38	
A	130	197752	443111	3798744	
A	131	12	26	38	
A	131	214336	473378	3820367	
A	132	12	26	38	
A	132	218851	481346	3798338	
A	133	12	26	38	
A	133	219789	484755	3829268	
A	134	12	26	38	
A	134	223408	488745	3845528	
A	135	12	26	38	
A	135	231045	498110	3801109	
A	136	12	26	38	
A	136	233224	495639	3779517	
A	137	12	26	38	
A	137	221440	474208	3742645	
A	138	12	26	38	
A	138	205099	448358	3675763	
A	139	12	26	38	
A	139	207100	455731	3663592	
A	140	12	26	38	
A	140	224579	488051	3672084	
A	141	12	26	38	
A	141	231504	501063	3658841	
A	142	12	26	38	
A	142	228064	499737	3683688	
A	143	12	26	38	
A	143	249891	541270	3710457	
A	144	12	26	38	
A	144	259538	552583	3679434	
A	145	12	26	38	
A	145	250745	531331	3668966	
A	146	12	26	38	
A	146	258880	540476	3639114	
A	147	12	26	38	
A	147	248521	514857	3558837	
A	148	12	26	38	
A	148	231931	488687	3523546	
A	149	12	26	38	
A	149	230781	489878	3501157	
A	150	12	26	38	
A	150	252494	547900	3468896	
T	0	12	26	38	
T	0	48422	143734	1553330	
T	1	12	26	38	
T	1	120287	305916	5197132	
T	2	12	26	38	
T	2	98425	262215	4805577	
T	3	12	26	38	
T	3	137044	359625	6089901	
T	4	12	26	38	
T	4	101212	297100	5614515	
T	5	12	26	38	
T	5	33318	102344	2515422	
T	6	12	26	38	
T	6	59429	178137	3542645	
T	7	12	26	38	
T	7	47159	144141	3093170	
T	8	12	26	38	
T	8	53878	154259	3241869	
T	9	12	26	38	
T	9	94985	294215	5476515	
T	10	12	26	38	
T	10	48664	151965	3561203	
T	11	12	26	38	
T	11	82100	255422	4850229	
T	12	12	26	38	
T	12	63546	196733	4120350	
T	13	12	26	38	
T	13	67048	210506	3963850	
T	14	12	26	38	
T	14	51557	165082	3296246	
T	15	12	26	38	
T	15	60701	194714	3754379	
T	16	12	26	38	
T	16	67502	216359	4114194	
T	17	12	26	38	
T	17	68330	219097	4125398	
T	18	12	26	38	
T	18	66789	214955	4040854	
T	19	12	26	38	
T	19	66239	212466	3994151	
T	20	12	26	38	
T	20	68600	217686	4023285	
T	21	12	26	38	
T	21	68669	218750	3995016	
T	22	12	26	38	
T	22	69896	221100	3977098	
T	23	12	26	38	
T	23	71174	225823	4019134	
T	24	12	26	38	
T	24	72345	229328	4060865	
T	25	12	26	38	
T	25	81381	237809	4060149	
T	26	12	26	38	
T	26	82748	241165	4057336	
T	27	12	26	38	
T	27	82386	240378	4051456	
T	28	12	26	38	
T	28	84244	243146	4032692	
T	29	12	26	38	
T	29	84653	245444	4027873	
T	30	12	26	38	
T	30	84992	244788	4022620	
T	31	12	26	38	
T	31	85087	244557	3990862	
T	32	12	26	38	
T	32	86557	248952	4008280	
T	33	12	26	38	
T	33	87003	250525	4037300	
T	34	12	26	38	
T	34	88971	253969	4023137	
T	35	12	26	38	
T	35	88897	255125	4074219	
T	36	12	26	38	
T	36	89340	255425	4082031	
T	37	12	26	38	
T	37	91709	260761	4087636	
T	38	12	26	38	
T	38	90897	258379	4090953	
T	39	12	26	38	
T	39	93085	263189	4092307	
T	40	12	26	38	
T	40	94911	267808	4064428	
T	41	12	26	38	
T	41	100126	271747	4070352	
T	42	12	26	38	
T	42	96801	272826	4058370	
T	43	12	26	38	
T	43	97485	274780	4058051	
T	44	12	26	38	
T	44	96945	272966	4085680	
T	45	12	26	38	
T	45	97170	272874	4093235	
T	46	12	26	38	
T	46	97520	276281	4112594	
T	47	12	26	38	
T	47	102037	286432	4116384	
T	48	12	26	38	
T	48	102363	286810	4129870	
T	49	12	26	38	
T	49	105242	292913	4121338	
T	50	12	26	38	
T	50	101999	285171	4134276	
T	51	12	26	38	
T	51	103712	289518	4153260	
T	52	12	26	38	
T	52	107016	298343	4120448	
T	53	12	26	38	
T	53	108680	299092	4118137	
T	54	12	26	38	
T	54	107736	297675	4099444	
T	55	12	26	38	
T	55	109888	303534	4063744	
T	56	12	26	38	
T	56	116988	315289	4092489	
T	57	12	26	38	
T	57	113722	313404	4100047	
T	58	12	26	38	
T	58	109644	304273	4099545	
T	59	12	26	38	
T	59	116077	316171	4136511	
T	60	12	26	38	
T	60	118373	321965	4159469	
T	61	12	26	38	
T	61	116384	321649	4135192	
T	62	12	26	38	
T	62	115945	319419	4137045	
T	63	12	26	38	
T	63	116216	318486	4101750	
T	64	12	26	38	
T	64	115690	316377	4051820	
T	65	12	26	38	
T	65	115431	314146	4038599	
T	66	12	26	38	
T	66	115934	316726	4032998	
T	67	12	26	38	
T	67	119172	324271	4024385	
T	68	12	26	38	
T	68	123565	336155	4065200	
T	69	12	26	38	
T	69	123804	338967	4091103	
T	70	12	26	38	
T	70	125749	344892	4104601	
T	71	12	26	38	
T	71	132543	359800	4117883	
T	72	12	26	38	
T	72	127430	349315	4108752	
T	73	12	26	38	
T	73	121637	333221	4067514	
T	74	12	26	38	
T	74	120052	325304	4045969	
T	75	12	26	38	
T	75	125412	337729	4020539	
T	76	12	26	38	
T	76	132263	353221	4007363	
T	77	12	26	38	
T	77	132274	355653	4024284	
T	78	12	26	38	
T	78	133818	358691	4050495	
T	79	12	26	38	
T	79	138375	368490	4066195	
T	80	12	26	38	
T	80	141525	371708	4095997	
T	81	12	26	38	
T	81	145364	376794	4112800	
T	82	12	26	38	
T	82	147395	378374	4099467	
T	83	12	26	38	
T	83	138810	362931	4083632	
T	84	12	26	38	
T	84	136373	359451	4065764	
T	85	12	26	38	
T	85	145269	380346	4037242	
T	86	12	26	38	
T	86	146395	381648	4031198	
T	87	12	26	38	
T	87	143771	374521	4037388	
T	88	12	26	38	
T	88	149256	384158	4036025	
T	89	12	26	38	
T	89	161687	409816	4069549	
T	90	12	26	38	
T	90	172892	430208	4106448	
T	91	12	26	38	
T	91	178753	437136	4119133	
T	92	12	26	38	
T	92	177650	436333	4139785	
T	93	12	26	38	
T	93	169220	421216	4137930	
T	94	12	26	38	
T	94	168597	424383	4110517	
T	95	12	26	38	
T	95	172030	431463	4087958	
T	96	12	26	38	
T	96	169115	423162	4064819	
T	97	12	26	38	
T	97	178293	441026	4035513	
T	98	12	26	38	
T	98	186917	455531	4039526	
T	99	12	26	38	
T	99	203704	488770	4068678	
T	100	12	26	38	
T	100	206403	493370	4112369	
T	101	12	26	38	
T	101	219555	516913	4158959	
T	102	12	26	38	
T	102	211865	501435	4172751	
T	103	12	26	38	
T	103	205982	490119	4151688	
T	104	12	26	38	
T	104	198881	475058	4135230	
T	105	12	26	38	
T	105	201882	478344	4107295	
T	106	12	26	38	
T	106	207407	487196	4064104	
T	107	12	26	38	
T	107	200306	468324	4039625	
T	108	12	26	38	
T	108	216421	499332	4029570	
T	109	12	26	38	
T	109	233148	533715	4039995	
T	110	12	26	38	
T	110	232793	535888	4081615	
T	111	12	26	38	
T	111	239038	546256	4123555	
T	112	12	26	38	
T	112	238501	544274	4117892	
T	113	12	26	38	
T	113	234771	535993	4117674	
T	114	12	26	38	
T	114	218314	502571	4099193	
T	115	12	26	38	
T	115	207452	480245	4063891	
T	116	12	26	38	
T	116	207749	477228	4027732	
T	117	12	26	38	
T	117	220207	501061	3993483	
T	118	12	26	38	
T	118	240802	539806	3956409	
T	119	12	26	38	
T	119	247502	555172	3968662	
T	120	12	26	38	
T	120	252187	568357	4003151	
T	121	12	26	38	
T	121	239796	544595	4024768	
T	122	12	26	38	
T	122	261083	586261	4054324	
T	123	12	26	38	
T	123	268670	596710	4047552	
T	124	12	26	38	
T	124	257496	573100	4026896	
T	125	12	26	38	
T	125	243719	546976	4003287	
T	126	12	26	38	
T	126	247785	552503	3969271	
T	127	12	26	38	
T	127	251340	558298	3917206	
T	128	12	26	38	
T	128	251940	560368	3891152	
T	129	12	26	38	
T	129	238784	539699	3888538	
T	130	12	26	38	
T	130	260840	584904	3892154	
T	131	12	26	38	
T	131	271494	606644	3923086	
T	132	12	26	38	
T	132	270265	600798	3951171	
T	133	12	26	38	
T	133	257576	574154	3947191	
T	134	12	26	38	
T	134	255870	568115	3943230	
T	135	12	26	38	
T	135	260279	574870	3918681	
T	136	12	26	38	
T	136	274499	597349	3880564	
T	137	12	26	38	
T	137	273633	595383	3848352	
T	138	12	26	38	
T	138	261648	577264	3810039	
T	139	12	26	38	
T	139	266358	589309	3781459	
T	140	12	26	38	
T	140	277731	616316	3781815	
T	141	12	26	38	
T	141	278171	615685	3800343	
T	142	12	26	38	
T	142	258377	582685	3817239	
T	143	12	26	38	
T	143	275091	609307	3822778	
T	144	12	26	38	
T	144	294275	632531	3833024	
T	145	12	26	38	
T	145	283509	609900	3807245	
T	146	12	26	38	
T	146	310919	652158	3787377	
T	147	12	26	38	
T	147	324029	669666	3765549	
T	148	12	26	38	
T	148	312531	656278	3719486	
T	149	12	26	38	
T	149	298966	640469	3679388	
T	150	12	26	38	
T	150	299496	665778	3614951	
G	0	12	26	38	
G	0	273445	522341	7598800	
G	1	12	26	38	
G	1	67032	187735	3440376	
G	2	12	26	38	
G	2	55165	162136	3452882	
G	3	12	26	38	
G	3	31553	96514	2249319	
G	4	12	26	38	
G	4	29214	99628	2485086	
G	5	12	26	38	
G	5	60471	210291	5402474	
G	6	12	26	38	
G	6	61640	194393	4440739	
G	7	12	26	38	
G	7	56474	181459	4503662	
G	8	12	26	38	
G	8	49632	149920	3920931	
G	9	12	26	38	
G	9	30727	98106	2434403	
G	10	12	26	38	
G	10	84634	260913	6639033	
G	11	12	26	38	
G	11	47894	145991	3352394	
G	12	12	26	38	
G	12	64709	196031	4921468	
G	13	12	26	38	
G	13	47507	144369	3568017	
G	14	12	26	38	
G	14	58283	180772	4488149	
G	15	12	26	38	
G	15	57592	176823	4195995	
G	16	12	26	38	
G	16	54827	167784	3880583	
G	17	12	26	38	
G	17	55500	170978	3992492	
G	18	12	26	38	
G	18	57475	175832	4097911	
G	19	12	26	38	
G	19	58124	177030	4124151	
G	20	12	26	38	
G	20	59025	177029	4045683	
G	21	12	26	38	
G	21	59998	181007	4116536	
G	22	12	26	38	
G	22	61375	184164	4103821	
G	23	12	26	38	
G	23	62538	187366	4088322	
G	24	12	26	38	
G	24	62676	187287	4108599	
G	25	12	26	38	
G	25	69150	193061	4101340	
G	26	12	26	38	
G	26	70895	196820	4089243	
G	27	12	26	38	
G	27	71042	196705	4111607	
G	28	12	26	38	
G	28	72289	199760	4092242	
G	29	12	26	38	
G	29	72669	200300	4078087	
G	30	12	26	38	
G	30	73279	201864	4111745	
G	31	12	26	38	
G	31	73848	202915	4103633	
G	32	12	26	38	
G	32	75091	205395	4098503	
G	33	12	26	38	
G	33	74924	204401	4097202	
G	34	12	26	38	
G	34	76765	209005	4110337	
G	35	12	26	38	
G	35	77099	208412	4084359	
G	36	12	26	38	
G	36	76986	208191	4104612	
G	37	12	26	38	
G	37	78359	210878	4084345	
G	38	12	26	38	
G	38	76895	207988	4049440	
G	39	12	26	38	
G	39	79153	213075	4062654	
G	40	12	26	38	
G	40	81675	216312	4052578	
G	41	12	26	38	
G	41	85566	223168	4050428	
G	42	12	26	38	
G	42	83946	221333	4075662	
G	43	12	26	38	
G	43	82274	219449	4075265	
G	44	12	26	38	
G	44	82091	219328	4035447	
G	45	12	26	38	
G	45	80651	215246	4054044	
G	46	12	26	38	
G	46	82737	219025	4039633	
G	47	12	26	38	
G	47	82691	219890	4033404	
G	48	12	26	38	
G	48	84378	222462	4023093	
G	49	12	26	38	
G	49	85758	225935	3995203	
G	50	12	26	38	
G	50	83194	220511	3971166	
G	51	12	26	38	
G	51	84485	223258	3983718	
G	52	12	26	38	
G	52	87410	228124	3988510	
G	53	12	26	38	
G	53	87666	229031	3990246	
G	54	12	26	38	
G	54	88197	231110	4007610	
G	55	12	26	38	
G	55	90478	234296	4003271	
G	56	12	26	38	
G	56	92052	239318	3987922	
G	57	12	26	38	
G	57	88724	233309	4005432	
G	58	12	26	38	
G	58	88399	230977	3973859	
G	59	12	26	38	
G	59	89285	232732	3920642	
G	60	12	26	38	
G	60	91327	236461	3917037	
G	61	12	26	38	
G	61	87316	229881	3917792	
G	62	12	26	38	
G	62	87829	229306	3906857	
G	63	12	26	38	
G	63	89426	233937	3952781	
G	64	12	26	38	
G	64	92760	240405	3979776	
G	65	12	26	38	
G	65	93287	239668	3972485	
G	66	12	26	38	
G	66	97588	245589	4005154	
G	67	12	26	38	
G	67	96838	250298	3976764	
G	68	12	26	38	
G	68	95282	251015	3916054	
G	69	12	26	38	
G	69	93363	244868	3906024	
G	70	12	26	38	
G	70	94527	246674	3879662	
G	71	12	26	38	
G	71	97277	252907	3872030	
G	72	12	26	38	
G	72	96014	249725	3913688	
G	73	12	26	38	
G	73	95175	244622	3936045	
G	74	12	26	38	
G	74	93800	240440	3948827	
G	75	12	26	38	
G	75	98424	252112	3967617	
G	76	12	26	38	
G	76	103456	262609	3945217	
G	77	12	26	38	
G	77	102808	261816	3898212	
G	78	12	26	38	
G	78	102038	260117	3867624	
G	79	12	26	38	
G	79	104519	265525	3844004	
G	80	12	26	38	
G	80	104960	265629	3822995	
G	81	12	26	38	
G	81	107831	269824	3847719	
G	82	12	26	38	
G	82	109831	272312	3874216	
G	83	12	26	38	
G	83	106258	266123	3885150	
G	84	12	26	38	
G	84	104781	263945	3923908	
G	85	12	26	38	
G	85	113525	284241	3913331	
G	86	12	26	38	
G	86	113421	282584	3871631	
G	87	12	26	38	
G	87	109118	272870	3848026	
G	88	12	26	38	
G	88	112135	277325	3819283	
G	89	12	26	38	
G	89	118036	291736	3784994	
G	90	12	26	38	
G	90	122777	300835	3787862	
G	91	12	26	38	
G	91	125661	305992	3802656	
G	92	12	26	38	
G	92	123959	301482	3804549	
G	93	12	26	38	
G	93	120317	292593	3845429	
G	94	12	26	38	
G	94	121220	298532	3865178	
G	95	12	26	38	
G	95	125169	305643	3845985	
G	96	12	26	38	
G	96	122811	299034	3839163	
G	97	12	26	38	
G	97	129250	313653	3810861	
G	98	12	26	38	
G	98	131864	318719	3771231	
G	99	12	26	38	
G	99	142410	339434	3758782	
G	100	12	26	38	
G	100	144451	340486	3744251	
G	101	12	26	38	
G	101	152574	359720	3750969	
G	102	12	26	38	
G	102	149716	349365	3787078	
G	103	12	26	38	
G	103	148931	346838	3804571	
G	104	12	26	38	
G	104	149366	345485	3817226	
G	105	12	26	38	
G	105	158222	360115	3852327	
G	106	12	26	38	
G	106	172131	382140	3851785	
G	107	12	26	38	
G	107	171092	376886	3854222	
G	108	12	26	38	
G	108	178309	405606	3853122	
G	109	12	26	38	
G	109	182149	423141	3829502	
G	110	12	26	38	
G	110	173036	407803	3815958	
G	111	12	26	38	
G	111	176483	411822	3835242	
G	112	12	26	38	
G	112	181485	417047	3874281	
G	113	12	26	38	
G	113	189360	426105	3894548	
G	114	12	26	38	
G	114	191297	417951	3943204	
G	115	12	26	38	
G	115	200162	426056	3974500	
G	116	12	26	38	
G	116	213121	449446	4004684	
G	117	12	26	38	
G	117	227501	491206	4052630	
G	118	12	26	38	
G	118	236557	527188	4061217	
G	119	12	26	38	
G	119	223431	512234	4039121	
G	120	12	26	38	
G	120	216681	501986	4043170	
G	121	12	26	38	
G	121	198078	452482	4047879	
G	122	12	26	38	
G	122	222277	498772	4076010	
G	123	12	26	38	
G	123	242937	530664	4134113	
G	124	12	26	38	
G	124	252076	534915	4176804	
G	125	12	26	38	
G	125	260544	540362	4224397	
G	126	12	26	38	
G	126	277691	573636	4288753	
G	127	12	26	38	
G	127	291460	612151	4333189	
G	128	12	26	38	
G	128	289133	615476	4346897	
G	129	12	26	38	
G	129	258400	560439	4359154	
G	130	12	26	38	
G	130	263072	584771	4353615	
G	131	12	26	38	
G	131	264666	590938	4350356	
G	132	12	26	38	
G	132	267653	581980	4400528	
G	133	12	26	38	
G	133	271863	568977	4440928	
G	134	12	26	38	
G	134	289674	585396	4491985	
G	135	12	26	38	
G	135	319201	637673	4574000	
G	136	12	26	38	
G	136	348165	691373	4633651	
G	137	12	26	38	
G	137	356327	705921	4687961	
G	138	12	26	38	
G	138	347813	700497	4742293	
G	139	12	26	38	
G	139	342598	705290	4761660	
G	140	12	26	38	
G	140	340329	723812	4764386	
G	141	12	26	38	
G	141	328073	698556	4777040	
G	142	12	26	38	
G	142	305029	644366	4803818	
G	143	12	26	38	
G	143	337336	693161	4850375	
G	144	12	26	38	
G	144	372491	732941	4913615	
G	145	12	26	38	
G	145	384226	735442	4995081	
G	146	12	26	38	
G	146	427619	811001	5056352	
G	147	12	26	38	
G	147	451823	845834	5128472	
G	148	12	26	38	
G	148	449912	848743	5188497	
G	149	12	26	38	
G	149	448210	865206	5241024	
G	150	12	26	38	
G	150	472761	991173	5318948	
C	0	12	26	38	
C	0	44503	129810	4069901	
C	1	12	26	38	
C	1	69972	191241	4552536	
C	2	12	26	38	
C	2	60472	171663	4355434	
C	3	12	26	38	
C	3	73823	209340	5484759	
C	4	12	26	38	
C	4	20839	70650	2475573	
C	5	12	26	38	
C	5	13817	48640	2261817	
C	6	12	26	38	
C	6	25463	85909	3499906	
C	7	12	26	38	
C	7	26418	90121	3587256	
C	8	12	26	38	
C	8	67774	203243	7224632	
C	9	12	26	38	
C	9	42475	137538	4431565	
C	10	12	26	38	
C	10	20124	64935	2692930	
C	11	12	26	38	
C	11	37851	125189	4353660	
C	12	12	26	38	
C	12	33333	109825	4220724	
C	13	12	26	38	
C	13	49226	161406	5737123	
C	14	12	26	38	
C	14	33438	111624	4147258	
C	15	12	26	38	
C	15	33943	113667	4014156	
C	16	12	26	38	
C	16	35693	118971	4064094	
C	17	12	26	38	
C	17	34891	115474	3919772	
C	18	12	26	38	
C	18	34772	116091	3942974	
C	19	12	26	38	
C	19	36674	120608	4041201	
C	20	12	26	38	
C	20	38393	124395	4115184	
C	21	12	26	38	
C	21	38526	125905	4124775	
C	22	12	26	38	
C	22	39435	127845	4122095	
C	23	12	26	38	
C	23	39391	128121	4065706	
C	24	12	26	38	
C	24	40544	130741	4113976	
C	25	12	26	38	
C	25	44609	134984	4113536	
C	26	12	26	38	
C	26	45518	136393	4083011	
C	27	12	26	38	
C	27	46194	137238	4116988	
C	28	12	26	38	
C	28	46757	138903	4096056	
C	29	12	26	38	
C	29	47735	140324	4063732	
C	30	12	26	38	
C	30	47835	140946	4101414	
C	31	12	26	38	
C	31	47952	141364	4092761	
C	32	12	26	38	
C	32	48582	142688	4080585	
C	33	12	26	38	
C	33	48887	144219	4130128	
C	34	12	26	38	
C	34	50242	146408	4133567	
C	35	12	26	38	
C	35	49843	146316	4095155	
C	36	12	26	38	
C	36	49695	146261	4136172	
C	37	12	26	38	
C	37	51020	148644	4115040	
C	38	12	26	38	
C	38	51233	148465	4095143	
C	39	12	26	38	
C	39	52215	151039	4121462	
C	40	12	26	38	
C	40	53752	155066	4123659	
C	41	12	26	38	
C	41	52799	152092	4076846	
C	42	12	26	38	
C	42	57494	162122	4123818	
C	43	12	26	38	
C	43	54696	156047	4115508	
C	44	12	26	38	
C	44	53995	154878	4115830	
C	45	12	26	38	
C	45	52804	152282	4162156	
C	46	12	26	38	
C	46	54606	156652	4150312	
C	47	12	26	38	
C	47	55144	157172	4123644	
C	48	12	26	38	
C	48	57931	163571	4168988	
C	49	12	26	38	
C	49	59080	166394	4160810	
C	50	12	26	38	
C	50	57646	164137	4135393	
C	51	12	26	38	
C	51	56891	162752	4152306	
C	52	12	26	38	
C	52	61476	172624	4161542	
C	53	12	26	38	
C	53	58938	166839	4129083	
C	54	12	26	38	
C	54	59315	168754	4180125	
C	55	12	26	38	
C	55	68015	181872	4208907	
C	56	12	26	38	
C	56	62284	173569	4185766	
C	57	12	26	38	
C	57	61964	173871	4226676	
C	58	12	26	38	
C	58	66994	181360	4233923	
C	59	12	26	38	
C	59	62754	175832	4212917	
C	60	12	26	38	
C	60	63416	177323	4243745	
C	61	12	26	38	
C	61	63438	178337	4221925	
C	62	12	26	38	
C	62	61479	173869	4187484	
C	63	12	26	38	
C	63	63190	176749	4216848	
C	64	12	26	38	
C	64	63955	178420	4212125	
C	65	12	26	38	
C	65	63370	176917	4212937	
C	66	12	26	38	
C	66	64342	180327	4244119	
C	67	12	26	38	
C	67	66659	185690	4265376	
C	68	12	26	38	
C	68	69228	190599	4273437	
C	69	12	26	38	
C	69	68620	190597	4314170	
C	70	12	26	38	
C	70	70736	195741	4295230	
C	71	12	26	38	
C	71	71359	197822	4238517	
C	72	12	26	38	
C	72	71181	196313	4242355	
C	73	12	26	38	
C	73	68550	190323	4225771	
C	74	12	26	38	
C	74	67368	188269	4206815	
C	75	12	26	38	
C	75	71162	196300	4260597	
C	76	12	26	38	
C	76	73901	204611	4278807	
C	77	12	26	38	
C	77	74296	204916	4287191	
C	78	12	26	38	
C	78	74755	206326	4339712	
C	79	12	26	38	
C	79	77396	211192	4336621	
C	80	12	26	38	
C	80	76329	210523	4309020	
C	81	12	26	38	
C	81	77885	214347	4315011	
C	82	12	26	38	
C	82	78029	215687	4277401	
C	83	12	26	38	
C	83	76953	213350	4231833	
C	84	12	26	38	
C	84	76716	212150	4252030	
C	85	12	26	38	
C	85	81050	222180	4259767	
C	86	12	26	38	
C	86	79285	218674	4286430	
C	87	12	26	38	
C	87	79783	220336	4364771	
C	88	12	26	38	
C	88	83572	231006	4391858	
C	89	12	26	38	
C	89	87983	242091	4386169	
C	90	12	26	38	
C	90	91121	249370	4412436	
C	91	12	26	38	
C	91	92139	253041	4366424	
C	92	12	26	38	
C	92	91025	249701	4318847	
C	93	12	26	38	
C	93	88417	243714	4307691	
C	94	12	26	38	
C	94	89855	245879	4272110	
C	95	12	26	38	
C	95	92691	250700	4272482	
C	96	12	26	38	
C	96	91438	249535	4344282	
C	97	12	26	38	
C	97	96418	262157	4394793	
C	98	12	26	38	
C	98	98729	269651	4428566	
C	99	12	26	38	
C	99	106266	287681	4474085	
C	100	12	26	38	
C	100	103093	281601	4443566	
C	101	12	26	38	
C	101	105080	285038	4379219	
C	102	12	26	38	
C	102	99706	271398	4356402	
C	103	12	26	38	
C	103	99104	269906	4310440	
C	104	12	26	38	
C	104	98788	266298	4267974	
C	105	12	26	38	
C	105	102857	275354	4287088	
C	106	12	26	38	
C	106	106221	283142	4323216	
C	107	12	26	38	
C	107	99044	270216	4354670	
C	108	12	26	38	
C	108	107449	291472	4426895	
C	109	12	26	38	
C	109	113115	306087	4440577	
C	110	12	26	38	
C	110	107070	290232	4407792	
C	111	12	26	38	
C	111	108082	290542	4380976	
C	112	12	26	38	
C	112	106019	286303	4314691	
C	113	12	26	38	
C	113	106574	284230	4247598	
C	114	12	26	38	
C	114	102476	274089	4233151	
C	115	12	26	38	
C	115	99667	268655	4225203	
C	116	12	26	38	
C	116	100638	271769	4237952	
C	117	12	26	38	
C	117	107735	290280	4296804	
C	118	12	26	38	
C	118	117634	314075	4341101	
C	119	12	26	38	
C	119	117043	314893	4352402	
C	120	12	26	38	
C	120	115229	308611	4361398	
C	121	12	26	38	
C	121	103237	281401	4315303	
C	122	12	26	38	
C	122	114716	304378	4233531	
C	123	12	26	38	
C	123	120535	316716	4191341	
C	124	12	26	38	
C	124	118153	310460	4140194	
C	125	12	26	38	
C	125	113375	301107	4113850	
C	126	12	26	38	
C	126	117420	312025	4143432	
C	127	12	26	38	
C	127	122393	324534	4181260	
C	128	12	26	38	
C	128	121764	324229	4211156	
C	129	12	26	38	
C	129	108608	295727	4255504	
C	130	12	26	38	
C	130	117468	315177	4246297	
C	131	12	26	38	
C	131	120146	320871	4197001	
C	132	12	26	38	
C	132	115827	308155	4140773	
C	133	12	26	38	
C	133	107731	290524	4073423	
C	134	12	26	38	
C	134	107844	290371	4010067	
C	135	12	26	38	
C	135	116165	309028	3997020	
C	136	12	26	38	
C	136	125866	332442	3997078	
C	137	12	26	38	
C	137	124964	333625	4011852	
C	138	12	26	38	
C	138	118601	321192	4062715	
C	139	12	26	38	
C	139	121808	327909	4084099	
C	140	12	26	38	
C	140	127900	339118	4072525	
C	141	12	26	38	
C	141	122948	324625	4054586	
C	142	12	26	38	
C	142	106331	287583	3986065	
C	143	12	26	38	
C	143	115191	305588	3907200	
C	144	12	26	38	
C	144	123844	324530	3864737	
C	145	12	26	38	
C	145	116748	309866	3819518	
C	146	12	26	38	
C	146	131628	344683	3807967	
C	147	12	26	38	
C	147	137748	361801	3837952	
C	148	12	26	38	
C	148	132866	352093	3859281	
C	149	12	26	38	
C	149	131922	352566	3869241	
C	150	12	26	38	
C	150	150302	394970	3888015	
N	0	3	
N	0	3722	
N	1	3	
N	1	7292	
N	2	3	
N	2	9930	
N	3	3	
N	3	519	
N	4	
N	4	
N	5	
N	5	
N	6	3	
N	6	45	
N	7	
N	7	
N	8	
N	8	
N	9	
N	9	
N	10	
N	10	
N	11	
N	11	
N	12	3	
N	12	65	
N	13	
N	13	
N	14	
N	14	
N	15	
N	15	
N	16	
N	16	
N	17	3	
N	17	1692	
N	18	
N	18	
N	19	3	
N	19	207	
N	20	3	
N	20	78	
N	21	
N	21	
N	22	
N	22	
N	23	
N	23	
N	24	
N	24	
N	25	3	
N	25	111	
N	26	3	
N	26	195	
N	27	
N	27	
N	28	3	
N	28	11	
N	29	3	
N	29	1683	
N	30	3	
N	30	61	
N	31	3	
N	31	2909	
N	32	3	
N	32	344	
N	33	3	
N	33	210	
N	34	3	
N	34	253	
N	35	3	
N	35	725	
N	36	3	
N	36	7	
N	37	3	
N	37	162	
N	38	3	
N	38	244	
N	39	3	
N	39	784	
N	40	3	
N	40	1	
N	41	3	
N	41	402	
N	42	3	
N	42	582	
N	43	3	
N	43	427	
N	44	3	
N	44	1184	
N	45	3	
N	45	100	
N	46	3	
N	46	114	
N	47	3	
N	47	2	
N	48	3	
N	48	15	
N	49	3	
N	49	91	
N	50	3	
N	50	18	
N	51	3	
N	51	28	
N	52	3	
N	52	234	
N	53	3	
N	53	961	
N	54	3	
N	54	322	
N	55	3	
N	55	91	
N	56	3	
N	56	3	
N	57	3	
N	57	221	
N	58	3	
N	58	90	
N	59	3	
N	59	27	
N	60	3	
N	60	65	
N	61	3	
N	61	46	
N	62	3	
N	62	36	
N	63	3	
N	63	13	
N	64	3	
N	64	155	
N	65	3	
N	65	47	
N	66	3	
N	66	115	
N	67	3	
N	67	1830	
N	68	3	
N	68	207	
N	69	3	
N	69	107	
N	70	3	
N	70	876	
N	71	3	
N	71	563	
N	72	3	
N	72	720	
N	73	3	
N	73	28	
N	74	3	
N	74	66	
N	75	3	
N	75	223	
N	76	3	
N	76	171	
N	77	3	
N	77	711	
N	78	3	
N	78	167	
N	79	3	
N	79	310	
N	80	3	
N	80	463	
N	81	3	
N	81	1926	
N	82	3	
N	82	119	
N	83	3	
N	83	54	
N	84	3	
N	84	38	
N	85	3	
N	85	152	
N	86	3	
N	86	56	
N	87	3	
N	87	95	
N	88	3	
N	88	216	
N	89	3	
N	89	423	
N	90	3	
N	90	124	
N	91	3	
N	91	433	
N	92	3	
N	92	67	
N	93	3	
N	93	748	
N	94	3	
N	94	882	
N	95	3	
N	95	26	
N	96	3	
N	96	117	
N	97	3	
N	97	161	
N	98	3	
N	98	87	
N	99	3	
N	99	677	
N	100	3	
N	100	572	
N	101	3	
N	101	2	
N	102	3	
N	102	720	
N	103	3	
N	103	789	
N	104	
N	104	
N	105	3	
N	105	47	
N	106	
N	106	
N	107	3	
N	107	2	
N	108	3	
N	108	112	
N	109	3	
N	109	366	
N	110	3	
N	110	482	
N	111	3	
N	111	280	
N	112	
N	112	
N	113	3	
N	113	61	
N	114	
N	114	
N	115	
N	115	
N	116	
N	116	
N	117	
N	117	
N	118	3	
N	118	3	
N	119	
N	119	
N	120	
N	120	
N	121	
N	121	
N	122	
N	122	
N	123	
N	123	
N	124	
N	124	
N	125	3	
N	125	29	
N	126	
N	126	
N	127	
N	127	
N	128	3	
N	128	961	
N	129	3	
N	129	672	
N	130	
N	130	
N	131	
N	131	
N	132	
N	132	
N	133	
N	133	
N	134	
N	134	
N	135	
N	135	
N	136	
N	136	
N	137	
N	137	
N	138	
N	138	
N	139	
N	139	
N	140	
N	140	
N	141	
N	141	
N	142	
N	142	
N	143	
N	143	
N	144	
N	144	
N	145	
N	145	
N	146	
N	146	
N	147	
N	147	
N	148	
N	148	
N	149	
N	149	
N	150	
N	150	
