.	0	3	12	26	38	
.	0	105	652754	1790367	16290810	
.	1	3	12	26	38	
.	1	16	353631	933203	16290810	
.	2	12	26	38	
.	2	361945	977793	16290810	
.	3	12	26	38	
.	3	354444	959884	16290810	
.	4	12	26	38	
.	4	336958	971770	16290810	
.	5	12	26	38	
.	5	280365	841124	16290810	
.	6	12	26	38	
.	6	343485	960905	16290810	
.	7	12	26	38	
.	7	323780	922920	16290810	
.	8	12	26	38	
.	8	297011	817387	16290810	
.	9	12	26	38	
.	9	362812	1007808	16290810	
.	10	3	12	26	38	
.	10	3080	289944	820251	16290810	
.	11	3	12	26	38	
.	11	815	361030	991425	16290810	
.	12	12	26	38	
.	12	311441	866571	16290810	
.	13	12	26	38	
.	13	339501	916325	16290810	
.	14	12	26	38	
.	14	329374	910281	16290810	
.	15	12	26	38	
.	15	339175	946531	16290810	
.	16	12	26	38	
.	16	347299	965093	16290810	
.	17	12	26	38	
.	17	349143	969371	16290810	
.	18	12	26	38	
.	18	347641	962710	16290810	
.	19	12	26	38	
.	19	351383	961603	16290810	
.	20	12	26	38	
.	20	347883	965291	16290810	
.	21	12	26	38	
.	21	358775	980747	16290810	
.	22	12	26	38	
.	22	364796	991517	16290810	
.	23	12	26	38	
.	23	380211	1035589	16290810	
.	24	12	26	38	
.	24	393077	1061350	16290810	
.	25	12	26	38	
.	25	372150	1015788	16290810	
.	26	12	26	38	
.	26	394568	1063497	16290810	
.	27	12	26	38	
.	27	382755	1037340	16290810	
.	28	12	26	38	
.	28	382677	1035355	16290810	
.	29	12	26	38	
.	29	380584	1033967	16290810	
.	30	12	26	38	
.	30	378256	1031509	16290810	
.	31	12	26	38	
.	31	384180	1048899	16290810	
.	32	12	26	38	
.	32	385284	1051737	16290810	
.	33	12	26	38	
.	33	384901	1052183	16290810	
.	34	12	26	38	
.	34	396403	1078144	16290810	
.	35	12	26	38	
.	35	394365	1071603	16290810	
.	36	12	26	38	
.	36	397360	1082038	16290810	
.	37	12	26	38	
.	37	396608	1079110	16290810	
.	38	12	26	38	
.	38	397037	1083050	16290810	
.	39	12	26	38	
.	39	393525	1072894	16290810	
.	40	12	26	38	
.	40	399033	1089579	16290810	
.	41	12	26	38	
.	41	404151	1100392	16290810	
.	42	12	26	38	
.	42	407253	1106245	16290810	
.	43	12	26	38	
.	43	410020	1110921	16290810	
.	44	12	26	38	
.	44	413463	1121727	16290810	
.	45	12	26	38	
.	45	416000	1124700	16290810	
.	46	12	26	38	
.	46	434028	1173950	16290810	
.	47	12	26	38	
.	47	431769	1166056	16290810	
.	48	12	26	38	
.	48	424363	1144569	16290810	
.	49	12	26	38	
.	49	414220	1122566	16290810	
.	50	12	26	38	
.	50	423221	1147059	16290810	
.	51	12	26	38	
.	51	428424	1154597	16290810	
.	52	12	26	38	
.	52	427917	1153723	16290810	
.	53	12	26	38	
.	53	432295	1162739	16290810	
.	54	12	26	38	
.	54	432135	1162506	16290810	
.	55	12	26	38	
.	55	436050	1170414	16290810	
.	56	12	26	38	
.	56	435900	1171763	16290810	
.	57	12	26	38	
.	57	439751	1179393	16290810	
.	58	12	26	38	
.	58	440508	1183595	16290810	
.	59	12	26	38	
.	59	443720	1190251	16290810	
.	60	12	26	38	
.	60	445880	1195250	16290810	
.	61	12	26	38	
.	61	460888	1230640	16290810	
.	62	12	26	38	
.	62	454819	1215079	16290810	
.	63	12	26	38	
.	63	457758	1222908	16290810	
.	64	12	26	38	
.	64	456719	1219961	16290810	
.	65	12	26	38	
.	65	459337	1225713	16290810	
.	66	12	26	38	
.	66	459455	1224825	16290810	
.	67	12	26	38	
.	67	470129	1246354	16290810	
.	68	12	26	38	
.	68	466649	1241655	16290810	
.	69	12	26	38	
.	69	474058	1260054	16290810	
.	70	12	26	38	
.	70	489047	1299961	16290810	
.	71	12	26	38	
.	71	501548	1327747	16290810	
.	72	12	26	38	
.	72	486451	1287487	16290810	
.	73	12	26	38	
.	73	500283	1320488	16290810	
.	74	12	26	38	
.	74	488552	1291707	16290810	
.	75	12	26	38	
.	75	490899	1296199	16290810	
.	76	12	26	38	
.	76	489709	1294698	16290810	
.	77	12	26	38	
.	77	504284	1326894	16290810	
.	78	12	26	38	
.	78	501972	1324795	16290810	
.	79	12	26	38	
.	79	505569	1329696	16290810	
.	80	12	26	38	
.	80	498953	1318693	16290810	
.	81	12	26	38	
.	81	500927	1320997	16290810	
.	82	12	26	38	
.	82	498692	1316733	16290810	
.	83	12	26	38	
.	83	510086	1342131	16290810	
.	84	12	26	38	
.	84	513338	1346664	16290810	
.	85	12	26	38	
.	85	512833	1345895	16290810	
.	86	12	26	38	
.	86	514409	1351478	16290810	
.	87	12	26	38	
.	87	520333	1366432	16290810	
.	88	12	26	38	
.	88	524390	1376742	16290810	
.	89	12	26	38	
.	89	527551	1381628	16290810	
.	90	3	12	26	38	
.	90	16137	551722	1412364	16290810	
.	91	12	26	38	
.	91	563849	1468272	16290810	
.	92	3	12	26	38	
.	92	4137	588096	1515515	16290810	
.	93	3	12	26	38	
.	93	644	579625	1498427	16290810	
.	94	12	26	38	
.	94	569579	1475602	16290810	
.	95	12	26	38	
.	95	572992	1482831	16290810	
.	96	12	26	38	
.	96	586170	1512486	16290810	
.	97	12	26	38	
.	97	591961	1524675	16290810	
.	98	12	26	38	
.	98	598861	1538736	16290810	
.	99	12	26	38	
.	99	595049	1533945	16290810	
.	100	12	26	38	
.	100	620034	1588413	16290810	
.	101	12	26	38	
.	101	618345	1584703	16290810	
.	102	12	26	38	
.	102	595810	1534046	16290810	
.	103	12	26	38	
.	103	602634	1546032	16290810	
.	104	12	26	38	
.	104	617811	1570968	16290810	
.	105	12	26	38	
.	105	625344	1580050	16290810	
.	106	12	26	38	
.	106	628596	1582557	16290810	
.	107	12	26	38	
.	107	618728	1557777	16290810	
.	108	12	26	38	
.	108	638056	1594606	16290810	
.	109	12	26	38	
.	109	672467	1658963	16290810	
.	110	12	26	38	
.	110	681679	1665251	16290810	
.	111	12	26	38	
.	111	680867	1653180	16290810	
.	112	12	26	38	
.	112	696239	1682522	16290810	
.	113	12	26	38	
.	113	710310	1715571	16290810	
.	114	12	26	38	
.	114	717592	1734505	16290810	
.	115	12	26	38	
.	115	731415	1762220	16290810	
.	116	12	26	38	
.	116	728957	1751220	16290810	
.	117	12	26	38	
.	117	734543	1754526	16290810	
.	118	12	26	38	
.	118	767335	1814613	16290810	
.	119	12	26	38	
.	119	787923	1841218	16290810	
.	120	12	26	38	
.	120	814545	1878749	16290810	
.	121	12	26	38	
.	121	832212	1904331	16290810	
.	122	12	26	38	
.	122	846909	1930371	16290810	
.	123	12	26	38	
.	123	834931	1913289	16290810	
.	124	12	26	38	
.	124	836998	1930623	16290810	
.	125	12	26	38	
.	125	833623	1925856	16290810	
.	126	12	26	38	
.	126	866570	1995379	16290810	
.	127	12	26	38	
.	127	890804	2035306	16290810	
.	128	12	26	38	
.	128	894476	2032685	16290810	
.	129	3	12	26	38	
.	129	28	983347	2199438	16290810	
.	130	12	26	38	
.	130	971250	2156280	16290810	
.	131	12	26	38	
.	131	937100	2079969	16290810	
.	132	12	26	38	
.	132	970565	2150716	16290810	
.	133	12	26	38	
.	133	965982	2148273	16290810	
.	134	3	12	26	38	
.	134	26	944292	2116489	16290810	
.	135	3	12	26	38	
.	135	1	957168	2149102	16290810	
.	136	3	12	26	38	
.	136	6866	986879	2191938	16290810	
.	137	3	12	26	38	
.	137	147	1047927	2317491	16290810	
.	138	3	12	26	38	
.	138	4	1120179	2455946	16290810	
.	139	12	26	38	
.	139	1082890	2365539	16290810	
.	140	12	26	38	
.	140	1074700	2348441	16290810	
.	141	12	26	38	
.	141	1102288	2398990	16290810	
.	142	3	12	26	38	
.	142	24	1130537	2456355	16290810	
.	143	3	12	26	38	
.	143	35	1108265	2409053	16290810	
.	144	12	26	38	
.	144	1081817	2374338	16290810	
.	145	3	12	26	38	
.	145	54	1093123	2403244	16290810	
.	146	3	12	26	38	
.	146	5	1103776	2419256	16290810	
.	147	12	26	38	
.	147	1089528	2385333	16290810	
.	148	3	12	26	38	
.	148	3	1134305	2466182	16290810	
.	149	3	12	26	38	
.	149	6	1185432	2558381	16290810	
.	150	3	12	26	38	
.	150	4	1317609	2853946	16290810	
A	0	12	26	38	
A	0	64102	183324	3085101	
A	1	12	26	38	
A	1	58216	159514	3059638	
A	2	12	26	38	
A	2	80870	233604	3643303	
A	3	12	26	38	
A	3	57686	156629	2438174	
A	4	12	26	38	
A	4	96159	318179	5689098	
A	5	12	26	38	
A	5	86455	306264	6076046	
A	6	12	26	38	
A	6	87029	282360	4799426	
A	7	12	26	38	
A	7	91544	304041	5083101	
A	8	12	26	38	
A	8	44620	128310	1912667	
A	9	12	26	38	
A	9	81662	247401	3938834	
A	10	12	26	38	
A	10	52603	171951	3378000	
A	11	12	26	38	
A	11	76686	234081	3727001	
A	12	12	26	38	
A	12	55431	169655	3012250	
A	13	12	26	38	
A	13	67977	195634	3017334	
A	14	12	26	38	
A	14	80714	254752	4344544	
A	15	12	26	38	
A	15	80977	259197	4314734	
A	16	12	26	38	
A	16	83285	259170	4219348	
A	17	12	26	38	
A	17	82582	259544	4240307	
A	18	12	26	38	
A	18	83576	257959	4205190	
A	19	12	26	38	
A	19	84772	257139	4128564	
A	20	12	26	38	
A	20	83426	255927	4106892	
A	21	12	26	38	
A	21	88046	262476	4053450	
A	22	12	26	38	
A	22	93028	269331	4093896	
A	23	12	26	38	
A	23	89281	272119	4111629	
A	24	12	26	38	
A	24	96117	279405	4000202	
A	25	12	26	38	
A	25	85772	261180	4008911	
A	26	12	26	38	
A	26	97320	284089	4059593	
A	27	12	26	38	
A	27	91588	271538	4018286	
A	28	12	26	38	
A	28	94624	276384	4067589	
A	29	12	26	38	
A	29	88501	269184	4105927	
A	30	12	26	38	
A	30	88237	266839	4048957	
A	31	12	26	38	
A	31	90204	272486	4082463	
A	32	12	26	38	
A	32	90813	274541	4098241	
A	33	12	26	38	
A	33	89405	269561	4006405	
A	34	12	26	38	
A	34	93761	279961	4020471	
A	35	12	26	38	
A	35	92946	276667	4033157	
A	36	12	26	38	
A	36	93436	279007	3968410	
A	37	12	26	38	
A	37	92901	277527	4002343	
A	38	12	26	38	
A	38	94052	282298	4048114	
A	39	12	26	38	
A	39	93107	277557	4008863	
A	40	12	26	38	
A	40	95139	285291	4043688	
A	41	12	26	38	
A	41	97076	291164	4090906	
A	42	12	26	38	
A	42	97047	289188	4030861	
A	43	12	26	38	
A	43	97933	289581	4036744	
A	44	12	26	38	
A	44	99020	292481	4046999	
A	45	12	26	38	
A	45	98941	290015	3966945	
A	46	12	26	38	
A	46	103658	305493	3984831	
A	47	12	26	38	
A	47	104793	307521	4023429	
A	48	12	26	38	
A	48	101615	297123	3973413	
A	49	12	26	38	
A	49	99628	292536	4007031	
A	50	12	26	38	
A	50	102835	302703	4046440	
A	51	12	26	38	
A	51	103333	301143	3994701	
A	52	12	26	38	
A	52	104887	305459	4021783	
A	53	12	26	38	
A	53	105663	307467	4052289	
A	54	12	26	38	
A	54	105004	306155	4010932	
A	55	12	26	38	
A	55	106370	307491	4006968	
A	56	12	26	38	
A	56	107062	309076	4011410	
A	57	12	26	38	
A	57	105937	306162	3938399	
A	58	12	26	38	
A	58	107266	310024	3962741	
A	59	12	26	38	
A	59	108717	313307	4004779	
A	60	12	26	38	
A	60	109464	315071	3960652	
A	61	12	26	38	
A	61	113487	324656	4003608	
A	62	12	26	38	
A	62	113559	324434	4039945	
A	63	12	26	38	
A	63	113572	325470	4015462	
A	64	12	26	38	
A	64	114403	327449	4045247	
A	65	12	26	38	
A	65	114915	327709	4049279	
A	66	12	26	38	
A	66	113346	323370	3975416	
A	67	12	26	38	
A	67	116845	330387	3978391	
A	68	12	26	38	
A	68	116228	329522	3996468	
A	69	12	26	38	
A	69	116795	332196	3945135	
A	70	12	26	38	
A	70	121988	346375	3972620	
A	71	12	26	38	
A	71	125562	354592	4016157	
A	72	12	26	38	
A	72	122166	342675	3979958	
A	73	12	26	38	
A	73	127183	356441	4023066	
A	74	12	26	38	
A	74	124685	350212	4069637	
A	75	12	26	38	
A	75	124056	347806	4022756	
A	76	12	26	38	
A	76	124254	348639	4037693	
A	77	12	26	38	
A	77	128566	357924	4050226	
A	78	12	26	38	
A	78	126353	353534	3973704	
A	79	12	26	38	
A	79	127258	353251	3968187	
A	80	12	26	38	
A	80	125950	353275	3984953	
A	81	12	26	38	
A	81	125764	349946	3953496	
A	82	12	26	38	
A	82	126547	352177	3993718	
A	83	12	26	38	
A	83	130576	362772	4046070	
A	84	12	26	38	
A	84	130992	362205	4014418	
A	85	12	26	38	
A	85	132078	364917	4046644	
A	86	12	26	38	
A	86	133136	368051	4062108	
A	87	12	26	38	
A	87	132604	366044	3984724	
A	88	12	26	38	
A	88	133768	368697	3966326	
A	89	12	26	38	
A	89	133338	367920	3956150	
A	90	12	26	38	
A	90	135962	369185	3895198	
A	91	12	26	38	
A	91	139574	382141	3937364	
A	92	12	26	38	
A	92	148146	399612	3982962	
A	93	12	26	38	
A	93	145633	393194	3969838	
A	94	12	26	38	
A	94	144245	391667	4004759	
A	95	12	26	38	
A	95	146579	396376	4032533	
A	96	12	26	38	
A	96	148427	399671	3980270	
A	97	12	26	38	
A	97	150692	403764	3973065	
A	98	12	26	38	
A	98	151786	405555	3961400	
A	99	12	26	38	
A	99	148620	398436	3890961	
A	100	12	26	38	
A	100	156416	413790	3898062	
A	101	12	26	38	
A	101	156810	416286	3931738	
A	102	12	26	38	
A	102	151714	404849	3916584	
A	103	12	26	38	
A	103	155626	411103	3963211	
A	104	12	26	38	
A	104	162298	423140	4013459	
A	105	12	26	38	
A	105	165023	426890	3993016	
A	106	12	26	38	
A	106	167077	431329	4018638	
A	107	12	26	38	
A	107	165730	428586	4033042	
A	108	12	26	38	
A	108	171373	438568	3978518	
A	109	12	26	38	
A	109	183707	458743	3964989	
A	110	12	26	38	
A	110	186284	460094	3957348	
A	111	12	26	38	
A	111	184022	451459	3906928	
A	112	12	26	38	
A	112	182283	450131	3925204	
A	113	12	26	38	
A	113	182985	454860	3963379	
A	114	12	26	38	
A	114	182181	455276	3959961	
A	115	12	26	38	
A	115	188789	468055	4004536	
A	116	12	26	38	
A	116	195037	480337	4052829	
A	117	12	26	38	
A	117	197951	486049	4034773	
A	118	12	26	38	
A	118	210749	507867	4036038	
A	119	12	26	38	
A	119	218876	518130	4020339	
A	120	12	26	38	
A	120	224521	522229	3936740	
A	121	12	26	38	
A	121	224455	518372	3907455	
A	122	12	26	38	
A	122	218439	508680	3895959	
A	123	12	26	38	
A	123	204565	485334	3863706	
A	124	12	26	38	
A	124	203204	489349	3910856	
A	125	12	26	38	
A	125	205276	494806	3961635	
A	126	12	26	38	
A	126	217892	520418	3966985	
A	127	12	26	38	
A	127	229758	542287	3994252	
A	128	12	26	38	
A	128	236811	552907	4005636	
A	129	12	26	38	
A	129	259644	588294	3946656	
A	130	12	26	38	
A	130	257206	578677	3911025	
A	131	12	26	38	
A	131	243793	551590	3869956	
A	132	12	26	38	
A	132	241167	545878	3798871	
A	133	12	26	38	
A	133	229880	529463	3794470	
A	134	12	26	38	
A	134	220672	519903	3826061	
A	135	12	26	38	
A	135	224778	527929	3837383	
A	136	12	26	38	
A	136	237337	552112	3883058	
A	137	12	26	38	
A	137	260430	593616	3926758	
A	138	12	26	38	
A	138	282748	630904	3907218	
A	139	12	26	38	
A	139	277144	619491	3895499	
A	140	12	26	38	
A	140	275515	612855	3857629	
A	141	12	26	38	
A	141	275141	608038	3768911	
A	142	12	26	38	
A	142	275089	605164	3721408	
A	143	12	26	38	
A	143	256720	573724	3705172	
A	144	12	26	38	
A	144	242814	554974	3678399	
A	145	12	26	38	
A	145	243948	562610	3717483	
A	146	12	26	38	
A	146	254110	581005	3772219	
A	147	12	26	38	
A	147	255208	582924	3783314	
A	148	12	26	38	
A	148	274087	616868	3811402	
A	149	12	26	38	
A	149	292401	646298	3805385	
A	150	12	26	38	
A	150	323672	703753	3730302	
T	0	12	26	38	
T	0	42681	116527	1526231	
T	1	12	26	38	
T	1	117736	308899	5211537	
T	2	12	26	38	
T	2	129786	340462	4808902	
T	3	12	26	38	
T	3	157144	422106	6101945	
T	4	12	26	38	
T	4	135331	369851	5624710	
T	5	12	26	38	
T	5	58574	159011	2522754	
T	6	12	26	38	
T	6	100737	264588	3534427	
T	7	12	26	38	
T	7	83072	219435	3088074	
T	8	12	26	38	
T	8	89899	236197	3238410	
T	9	12	26	38	
T	9	151402	407378	5476194	
T	10	12	26	38	
T	10	79946	220615	3550771	
T	11	12	26	38	
T	11	137187	365453	4842553	
T	12	12	26	38	
T	12	103099	279836	4117850	
T	13	12	26	38	
T	13	113255	296875	3958687	
T	14	12	26	38	
T	14	93356	242624	3305449	
T	15	12	26	38	
T	15	104861	280926	3765146	
T	16	12	26	38	
T	16	115193	307646	4124977	
T	17	12	26	38	
T	17	113034	305152	4126748	
T	18	12	26	38	
T	18	112525	300821	4057347	
T	19	12	26	38	
T	19	115634	300962	4009959	
T	20	12	26	38	
T	20	114732	304373	4039247	
T	21	12	26	38	
T	21	119272	308621	4013768	
T	22	12	26	38	
T	22	117368	306646	3984675	
T	23	12	26	38	
T	23	124037	323493	4028575	
T	24	12	26	38	
T	24	130280	337107	4070608	
T	25	12	26	38	
T	25	121301	319217	4066943	
T	26	12	26	38	
T	26	128733	332334	4054073	
T	27	12	26	38	
T	27	118701	317908	4043230	
T	28	12	26	38	
T	28	118524	315500	4025479	
T	29	12	26	38	
T	29	120334	316815	4026108	
T	30	12	26	38	
T	30	120504	318336	4030247	
T	31	12	26	38	
T	31	122184	322205	3998706	
T	32	12	26	38	
T	32	123021	324211	4009550	
T	33	12	26	38	
T	33	124341	327280	4041907	
T	34	12	26	38	
T	34	127860	334433	4025142	
T	35	12	26	38	
T	35	127627	334484	4062293	
T	36	12	26	38	
T	36	129804	340753	4083567	
T	37	12	26	38	
T	37	128356	336727	4075219	
T	38	12	26	38	
T	38	128417	338498	4088543	
T	39	12	26	38	
T	39	127231	336040	4086520	
T	40	12	26	38	
T	40	128729	338794	4067442	
T	41	12	26	38	
T	41	130543	342790	4065294	
T	42	12	26	38	
T	42	132059	345978	4068755	
T	43	12	26	38	
T	43	131669	344417	4062573	
T	44	12	26	38	
T	44	133679	349376	4075104	
T	45	12	26	38	
T	45	135420	353498	4095312	
T	46	12	26	38	
T	46	141532	368326	4096536	
T	47	12	26	38	
T	47	140053	365052	4107216	
T	48	12	26	38	
T	48	139074	362518	4130692	
T	49	12	26	38	
T	49	135228	354806	4129479	
T	50	12	26	38	
T	50	138653	362852	4134562	
T	51	12	26	38	
T	51	140888	366910	4152581	
T	52	12	26	38	
T	52	139807	364389	4124928	
T	53	12	26	38	
T	53	141146	366671	4122173	
T	54	12	26	38	
T	54	141099	366692	4101405	
T	55	12	26	38	
T	55	141165	366921	4076669	
T	56	12	26	38	
T	56	142045	368892	4094908	
T	57	12	26	38	
T	57	143381	372175	4118476	
T	58	12	26	38	
T	58	143650	374169	4125559	
T	59	12	26	38	
T	59	145648	377827	4156079	
T	60	12	26	38	
T	60	145957	378293	4169860	
T	61	12	26	38	
T	61	150421	387997	4148948	
T	62	12	26	38	
T	62	148168	384113	4148713	
T	63	12	26	38	
T	63	149412	384569	4125051	
T	64	12	26	38	
T	64	147363	379743	4080526	
T	65	12	26	38	
T	65	147782	381916	4074978	
T	66	12	26	38	
T	66	148934	384021	4076645	
T	67	12	26	38	
T	67	152153	390494	4083390	
T	68	12	26	38	
T	68	152629	392409	4133415	
T	69	12	26	38	
T	69	155568	399156	4160835	
T	70	12	26	38	
T	70	161389	413688	4167157	
T	71	12	26	38	
T	71	165988	423382	4180708	
T	72	12	26	38	
T	72	160300	410279	4177301	
T	73	12	26	38	
T	73	164080	416398	4134397	
T	74	12	26	38	
T	74	158339	404073	4105431	
T	75	12	26	38	
T	75	158991	405190	4080371	
T	76	12	26	38	
T	76	158172	403410	4067305	
T	77	12	26	38	
T	77	163370	414568	4096256	
T	78	12	26	38	
T	78	163605	417418	4145147	
T	79	12	26	38	
T	79	166454	422332	4178779	
T	80	12	26	38	
T	80	164822	420560	4216342	
T	81	12	26	38	
T	81	165807	424402	4229706	
T	82	12	26	38	
T	82	164360	420629	4211198	
T	83	12	26	38	
T	83	166583	424469	4182416	
T	84	12	26	38	
T	84	167360	424272	4153333	
T	85	12	26	38	
T	85	165287	419163	4115294	
T	86	12	26	38	
T	86	166864	422927	4111017	
T	87	12	26	38	
T	87	168654	429077	4136478	
T	88	12	26	38	
T	88	170503	432363	4155117	
T	89	12	26	38	
T	89	172850	437614	4203075	
T	90	12	26	38	
T	90	178990	453423	4249805	
T	91	12	26	38	
T	91	189823	474944	4251510	
T	92	12	26	38	
T	92	195176	487221	4244403	
T	93	12	26	38	
T	93	193126	480877	4220689	
T	94	12	26	38	
T	94	187707	466966	4180359	
T	95	12	26	38	
T	95	187460	464817	4142895	
T	96	12	26	38	
T	96	191644	474317	4132649	
T	97	12	26	38	
T	97	192192	475063	4124164	
T	98	12	26	38	
T	98	195448	481918	4165720	
T	99	12	26	38	
T	99	196534	485998	4227005	
T	100	12	26	38	
T	100	206797	508264	4279630	
T	101	12	26	38	
T	101	207432	510635	4300612	
T	102	12	26	38	
T	102	198882	493315	4291765	
T	103	12	26	38	
T	103	198967	491593	4246316	
T	104	12	26	38	
T	104	201122	493090	4208702	
T	105	12	26	38	
T	105	201193	489712	4177838	
T	106	12	26	38	
T	106	199432	484615	4135434	
T	107	12	26	38	
T	107	194850	473474	4132185	
T	108	12	26	38	
T	108	201898	488225	4166317	
T	109	12	26	38	
T	109	212335	507876	4215616	
T	110	12	26	38	
T	110	217271	515084	4279556	
T	111	12	26	38	
T	111	216540	514229	4325063	
T	112	12	26	38	
T	112	222238	522309	4299778	
T	113	12	26	38	
T	113	227415	531026	4267066	
T	114	12	26	38	
T	114	229952	535104	4232314	
T	115	12	26	38	
T	115	232693	537945	4178409	
T	116	12	26	38	
T	116	227423	525460	4140909	
T	117	12	26	38	
T	117	227297	521376	4116983	
T	118	12	26	38	
T	118	233223	531840	4115514	
T	119	12	26	38	
T	119	237778	538299	4166939	
T	120	12	26	38	
T	120	243646	548782	4233854	
T	121	12	26	38	
T	121	248892	556383	4266102	
T	122	12	26	38	
T	122	253367	564990	4276184	
T	123	12	26	38	
T	123	253788	564917	4247477	
T	124	12	26	38	
T	124	255013	566146	4190053	
T	125	12	26	38	
T	125	256101	566301	4143142	
T	126	12	26	38	
T	126	261799	575887	4100958	
T	127	12	26	38	
T	127	264371	578030	4058436	
T	128	12	26	38	
T	128	257668	563334	4055839	
T	129	12	26	38	
T	129	279213	603753	4089989	
T	130	12	26	38	
T	130	270561	586590	4134156	
T	131	12	26	38	
T	131	257924	562635	4180675	
T	132	12	26	38	
T	132	266120	579416	4200061	
T	133	12	26	38	
T	133	268579	582411	4170478	
T	134	12	26	38	
T	134	266511	576873	4127495	
T	135	12	26	38	
T	135	269792	583036	4074123	
T	136	12	26	38	
T	136	270481	577735	4010319	
T	137	12	26	38	
T	137	281774	597530	3971456	
T	138	12	26	38	
T	138	295272	621135	3955924	
T	139	12	26	38	
T	139	276728	587357	3958309	
T	140	12	26	38	
T	140	270550	579401	4008018	
T	141	12	26	38	
T	141	275791	589699	4055363	
T	142	12	26	38	
T	142	282226	603679	4077409	
T	143	12	26	38	
T	143	278516	593171	4066551	
T	144	12	26	38	
T	144	275211	588153	4025589	
T	145	12	26	38	
T	145	277907	590692	3955630	
T	146	12	26	38	
T	146	275636	584337	3895986	
T	147	12	26	38	
T	147	265363	564493	3850033	
T	148	12	26	38	
T	148	266552	564329	3813356	
T	149	12	26	38	
T	149	271128	572234	3810894	
T	150	12	26	38	
T	150	297350	632463	3847323	
G	0	12	26	38	
G	0	482225	1314787	7603617	
G	1	12	26	38	
G	1	83243	214264	3452967	
G	2	12	26	38	
G	2	75620	195922	3487700	
G	3	12	26	38	
G	3	48159	125761	2270264	
G	4	12	26	38	
G	4	59569	156494	2507140	
G	5	12	26	38	
G	5	104182	287053	5434909	
G	6	12	26	38	
G	6	105138	272549	4472415	
G	7	12	26	38	
G	7	95998	250530	4531234	
G	8	12	26	38	
G	8	75643	198418	3940544	
G	9	12	26	38	
G	9	54523	142020	2459836	
G	10	12	26	38	
G	10	117816	322510	6670494	
G	11	12	26	38	
G	11	77873	199179	3380809	
G	12	12	26	38	
G	12	94950	252954	4942326	
G	13	12	26	38	
G	13	72667	186849	3584528	
G	14	12	26	38	
G	14	92313	239906	4514001	
G	15	12	26	38	
G	15	91260	234429	4206874	
G	16	12	26	38	
G	16	84619	220828	3891814	
G	17	12	26	38	
G	17	89931	230873	4010140	
G	18	12	26	38	
G	18	87933	229838	4107516	
G	19	12	26	38	
G	19	87178	227874	4132988	
G	20	12	26	38	
G	20	86115	225481	4058819	
G	21	12	26	38	
G	21	88142	231701	4122018	
G	22	12	26	38	
G	22	89589	235506	4113590	
G	23	12	26	38	
G	23	97240	251409	4096952	
G	24	12	26	38	
G	24	97726	255654	4119620	
G	25	12	26	38	
G	25	95046	245006	4106755	
G	26	12	26	38	
G	26	97599	253753	4106785	
G	27	12	26	38	
G	27	98951	253629	4127596	
G	28	12	26	38	
G	28	96942	250172	4107911	
G	29	12	26	38	
G	29	100396	253917	4102271	
G	30	12	26	38	
G	30	99079	252258	4121740	
G	31	12	26	38	
G	31	100535	257579	4119274	
G	32	12	26	38	
G	32	100424	257058	4110562	
G	33	12	26	38	
G	33	100159	257430	4120078	
G	34	12	26	38	
G	34	102047	263089	4119707	
G	35	12	26	38	
G	35	101655	261916	4109557	
G	36	12	26	38	
G	36	102208	262928	4119408	
G	37	12	26	38	
G	37	102344	263679	4105042	
G	38	12	26	38	
G	38	101569	260832	4068787	
G	39	12	26	38	
G	39	100607	258967	4082207	
G	40	12	26	38	
G	40	102020	262751	4075528	
G	41	12	26	38	
G	41	102579	263311	4067355	
G	42	12	26	38	
G	42	104085	266554	4087653	
G	43	12	26	38	
G	43	104869	268810	4081995	
G	44	12	26	38	
G	44	104397	269365	4066521	
G	45	12	26	38	
G	45	104727	268976	4076030	
G	46	12	26	38	
G	46	110425	284240	4064867	
G	47	12	26	38	
G	47	109460	280577	4048944	
G	48	12	26	38	
G	48	105951	271363	4044018	
G	49	12	26	38	
G	49	103018	264006	4017702	
G	50	12	26	38	
G	50	103933	267425	3991787	
G	51	12	26	38	
G	51	105888	271321	4008891	
G	52	12	26	38	
G	52	105781	270176	4023471	
G	53	12	26	38	
G	53	107190	273993	4029980	
G	54	12	26	38	
G	54	107480	273240	4045572	
G	55	12	26	38	
G	55	108671	276961	4037488	
G	56	12	26	38	
G	56	106765	272736	4014766	
G	57	12	26	38	
G	57	108810	277009	4024177	
G	58	12	26	38	
G	58	107924	275862	4005809	
G	59	12	26	38	
G	59	107859	275109	3972010	
G	60	12	26	38	
G	60	108309	275868	3979430	
G	61	12	26	38	
G	61	112552	286643	3970639	
G	62	12	26	38	
G	62	110074	279560	3971993	
G	63	12	26	38	
G	63	111479	284615	4009053	
G	64	12	26	38	
G	64	111162	283293	4016611	
G	65	12	26	38	
G	65	112001	284494	3999934	
G	66	12	26	38	
G	66	111612	283383	4017107	
G	67	12	26	38	
G	67	113733	287576	3996547	
G	68	12	26	38	
G	68	111438	282537	3961582	
G	69	12	26	38	
G	69	114142	289510	3972837	
G	70	12	26	38	
G	70	117070	297163	3949650	
G	71	12	26	38	
G	71	120758	307769	3933581	
G	72	12	26	38	
G	72	115365	292644	3959548	
G	73	12	26	38	
G	73	119423	303025	3972351	
G	74	12	26	38	
G	74	117251	296302	3982478	
G	75	12	26	38	
G	75	118171	299370	4005689	
G	76	12	26	38	
G	76	117037	296037	3992985	
G	77	12	26	38	
G	77	120049	304027	3965956	
G	78	12	26	38	
G	78	118801	301082	3961727	
G	79	12	26	38	
G	79	118564	301016	3945834	
G	80	12	26	38	
G	80	116506	294940	3922967	
G	81	12	26	38	
G	81	117677	298134	3924704	
G	82	12	26	38	
G	82	116654	295526	3920665	
G	83	12	26	38	
G	83	120521	303479	3932580	
G	84	12	26	38	
G	84	121412	305553	3979659	
G	85	12	26	38	
G	85	121410	306896	3980649	
G	86	12	26	38	
G	86	120590	305514	3969707	
G	87	12	26	38	
G	87	123795	312091	3975152	
G	88	12	26	38	
G	88	123412	312622	3977818	
G	89	12	26	38	
G	89	124575	313897	3972466	
G	90	12	26	38	
G	90	126461	320003	3958369	
G	91	12	26	38	
G	91	134355	341142	3945395	
G	92	12	26	38	
G	92	138374	349495	3928978	
G	93	12	26	38	
G	93	138237	348500	3948052	
G	94	12	26	38	
G	94	135648	342176	3962489	
G	95	12	26	38	
G	95	136239	343184	3965514	
G	96	12	26	38	
G	96	139897	350067	3984974	
G	97	12	26	38	
G	97	140452	353971	3997498	
G	98	12	26	38	
G	98	143022	359163	4001760	
G	99	12	26	38	
G	99	142294	359741	4013700	
G	100	12	26	38	
G	100	146428	370243	3982714	
G	101	12	26	38	
G	101	144942	364930	3946361	
G	102	12	26	38	
G	102	139607	351832	3941195	
G	103	12	26	38	
G	103	141039	354811	3927395	
G	104	12	26	38	
G	104	144895	361695	3932160	
G	105	12	26	38	
G	105	148655	367537	3970799	
G	106	12	26	38	
G	106	150889	369141	3984044	
G	107	12	26	38	
G	107	149668	365733	4003552	
G	108	12	26	38	
G	108	154496	374860	4018142	
G	109	12	26	38	
G	109	164210	396695	4025213	
G	110	12	26	38	
G	110	168188	400056	4003092	
G	111	12	26	38	
G	111	171954	402070	3983368	
G	112	12	26	38	
G	112	180440	416845	3978787	
G	113	12	26	38	
G	113	186343	428688	3974753	
G	114	12	26	38	
G	114	189760	436719	4006516	
G	115	12	26	38	
G	115	192494	446465	4030575	
G	116	12	26	38	
G	116	192345	441677	4051647	
G	117	12	26	38	
G	117	196238	448578	4096737	
G	118	12	26	38	
G	118	208908	473584	4125460	
G	119	12	26	38	
G	119	217410	486450	4137360	
G	120	12	26	38	
G	120	231044	509520	4158608	
G	121	12	26	38	
G	121	244156	530238	4155110	
G	122	12	26	38	
G	122	258445	552416	4156084	
G	123	12	26	38	
G	123	259397	555221	4178302	
G	124	12	26	38	
G	124	259834	561168	4197356	
G	125	12	26	38	
G	125	255957	556923	4220115	
G	126	12	26	38	
G	126	266101	580374	4269469	
G	127	12	26	38	
G	127	276218	599452	4314930	
G	128	12	26	38	
G	128	282554	608671	4356019	
G	129	12	26	38	
G	129	315721	675199	4402500	
G	130	12	26	38	
G	130	320651	674835	4432864	
G	131	12	26	38	
G	131	321219	669815	4441527	
G	132	12	26	38	
G	132	341524	709842	4464540	
G	133	12	26	38	
G	133	345389	716639	4475348	
G	134	12	26	38	
G	134	338702	707102	4490485	
G	135	12	26	38	
G	135	341084	717789	4528107	
G	136	12	26	38	
G	136	347648	729819	4569780	
G	137	12	26	38	
G	137	372807	782619	4625442	
G	138	12	26	38	
G	138	403049	845724	4690578	
G	139	12	26	38	
G	139	400527	827660	4747239	
G	140	12	26	38	
G	140	408337	844672	4792333	
G	141	12	26	38	
G	141	427267	880613	4829725	
G	142	12	26	38	
G	142	444421	915630	4847972	
G	143	12	26	38	
G	143	446332	913628	4864022	
G	144	12	26	38	
G	144	440005	906500	4896916	
G	145	12	26	38	
G	145	444517	916386	4935094	
G	146	12	26	38	
G	146	446414	920417	4974987	
G	147	12	26	38	
G	147	447766	919856	5040997	
G	148	12	26	38	
G	148	467694	958141	5106458	
G	149	12	26	38	
G	149	493156	1006971	5177492	
G	150	12	26	38	
G	150	547332	1135319	5243489	
C	0	12	26	38	
C	0	63641	175624	4075756	
C	1	12	26	38	
C	1	94420	250510	4566652	
C	2	12	26	38	
C	2	75669	207805	4350905	
C	3	12	26	38	
C	3	91455	255388	5480427	
C	4	12	26	38	
C	4	45899	127246	2469862	
C	5	12	26	38	
C	5	31154	88796	2257101	
C	6	12	26	38	
C	6	50581	141408	3484542	
C	7	12	26	38	
C	7	53166	148914	3588401	
C	8	12	26	38	
C	8	86849	254462	7199189	
C	9	12	26	38	
C	9	75225	211009	4415946	
C	10	12	26	38	
C	10	36499	102095	2688465	
C	11	12	26	38	
C	11	68469	191897	4339632	
C	12	12	26	38	
C	12	57961	164126	4218384	
C	13	12	26	38	
C	13	85602	236967	5730261	
C	14	12	26	38	
C	14	62991	172999	4126816	
C	15	12	26	38	
C	15	62077	171979	4004056	
C	16	12	26	38	
C	16	64202	177449	4054671	
C	17	12	26	38	
C	17	63596	173802	3913615	
C	18	12	26	38	
C	18	63607	174092	3920757	
C	19	12	26	38	
C	19	63799	175628	4019299	
C	20	12	26	38	
C	20	63610	179510	4085852	
C	21	12	26	38	
C	21	63315	177949	4101574	
C	22	12	26	38	
C	22	64811	180034	4098649	
C	23	12	26	38	
C	23	69653	188568	4053654	
C	24	12	26	38	
C	24	68954	189184	4100380	
C	25	12	26	38	
C	25	70031	190385	4108201	
C	26	12	26	38	
C	26	70916	193321	4070359	
C	27	12	26	38	
C	27	73515	194265	4101698	
C	28	12	26	38	
C	28	72587	193299	4089831	
C	29	12	26	38	
C	29	71353	194051	4056504	
C	30	12	26	38	
C	30	70436	194076	4089866	
C	31	12	26	38	
C	31	71257	196629	4090367	
C	32	12	26	38	
C	32	71026	195927	4072457	
C	33	12	26	38	
C	33	70996	197912	4122420	
C	34	12	26	38	
C	34	72735	200661	4125490	
C	35	12	26	38	
C	35	72137	198536	4085803	
C	36	12	26	38	
C	36	71912	199350	4119425	
C	37	12	26	38	
C	37	73007	201177	4108206	
C	38	12	26	38	
C	38	72999	201422	4085366	
C	39	12	26	38	
C	39	72580	200330	4113220	
C	40	12	26	38	
C	40	73145	202743	4104152	
C	41	12	26	38	
C	41	73953	203127	4067255	
C	42	12	26	38	
C	42	74062	204525	4103541	
C	43	12	26	38	
C	43	75549	208113	4109498	
C	44	12	26	38	
C	44	76367	210505	4102186	
C	45	12	26	38	
C	45	76912	212211	4152523	
C	46	12	26	38	
C	46	78413	215891	4144576	
C	47	12	26	38	
C	47	77463	212906	4111221	
C	48	12	26	38	
C	48	77723	213565	4142687	
C	49	12	26	38	
C	49	76346	211218	4136598	
C	50	12	26	38	
C	50	77800	214079	4118021	
C	51	12	26	38	
C	51	78315	215223	4134637	
C	52	12	26	38	
C	52	77442	213699	4120628	
C	53	12	26	38	
C	53	78296	214608	4086368	
C	54	12	26	38	
C	54	78552	216419	4132901	
C	55	12	26	38	
C	55	79844	219041	4169685	
C	56	12	26	38	
C	56	80028	221059	4169726	
C	57	12	26	38	
C	57	81623	224047	4209758	
C	58	12	26	38	
C	58	81668	223540	4196701	
C	59	12	26	38	
C	59	81496	224008	4157942	
C	60	12	26	38	
C	60	82150	226018	4180868	
C	61	12	26	38	
C	61	84428	231344	4167615	
C	62	12	26	38	
C	62	83018	226972	4130159	
C	63	12	26	38	
C	63	83295	228254	4141244	
C	64	12	26	38	
C	64	83791	229476	4148426	
C	65	12	26	38	
C	65	84639	231594	4166619	
C	66	12	26	38	
C	66	85563	234051	4221642	
C	67	12	26	38	
C	67	87398	237897	4232482	
C	68	12	26	38	
C	68	86354	237187	4199345	
C	69	12	26	38	
C	69	87553	239192	4212003	
C	70	12	26	38	
C	70	88600	242735	4201383	
C	71	12	26	38	
C	71	89240	242004	4160364	
C	72	12	26	38	
C	72	88620	241889	4174003	
C	73	12	26	38	
C	73	89597	244624	4160996	
C	74	12	26	38	
C	74	88277	241120	4133264	
C	75	12	26	38	
C	75	89681	243833	4181994	
C	76	12	26	38	
C	76	90246	246612	4192827	
C	77	12	26	38	
C	77	92299	250375	4178372	
C	78	12	26	38	
C	78	93213	252761	4210232	
C	79	12	26	38	
C	79	93293	253097	4198010	
C	80	12	26	38	
C	80	91675	249918	4166548	
C	81	12	26	38	
C	81	91679	248515	4182904	
C	82	12	26	38	
C	82	91131	248401	4165229	
C	83	12	26	38	
C	83	92406	251411	4129744	
C	84	12	26	38	
C	84	93574	254634	4143400	
C	85	12	26	38	
C	85	94058	254919	4148223	
C	86	12	26	38	
C	86	93819	254986	4147978	
C	87	12	26	38	
C	87	95280	259220	4194456	
C	88	12	26	38	
C	88	96707	263060	4191549	
C	89	12	26	38	
C	89	96788	262197	4159119	
C	90	12	26	38	
C	90	94172	253616	4171301	
C	91	12	26	38	
C	91	100097	270045	4156541	
C	92	12	26	38	
C	92	102263	275050	4130330	
C	93	12	26	38	
C	93	101985	275212	4151587	
C	94	12	26	38	
C	94	101979	274793	4143203	
C	95	12	26	38	
C	95	102714	278454	4149868	
C	96	12	26	38	
C	96	106202	288431	4192917	
C	97	12	26	38	
C	97	108625	291877	4196083	
C	98	12	26	38	
C	98	108605	292100	4161930	
C	99	12	26	38	
C	99	107601	289770	4159144	
C	100	12	26	38	
C	100	110393	296116	4130404	
C	101	12	26	38	
C	101	109161	292852	4112099	
C	102	12	26	38	
C	102	105607	284050	4141266	
C	103	12	26	38	
C	103	107002	288525	4153888	
C	104	12	26	38	
C	104	109496	293043	4136489	
C	105	12	26	38	
C	105	110473	295911	4149157	
C	106	12	26	38	
C	106	111198	297472	4152694	
C	107	12	26	38	
C	107	108480	289984	4122031	
C	108	12	26	38	
C	108	110289	292953	4127833	
C	109	12	26	38	
C	109	112215	295649	4084992	
C	110	12	26	38	
C	110	109936	290017	4050814	
C	111	12	26	38	
C	111	108351	285422	4075451	
C	112	12	26	38	
C	112	111278	293237	4087041	
C	113	12	26	38	
C	113	113567	300997	4085612	
C	114	12	26	38	
C	114	115699	307406	4092019	
C	115	12	26	38	
C	115	117439	309755	4077290	
C	116	12	26	38	
C	116	114152	303746	4045425	
C	117	12	26	38	
C	117	113057	298523	4042317	
C	118	12	26	38	
C	118	114455	301322	4013798	
C	119	12	26	38	
C	119	113859	298339	3966172	
C	120	12	26	38	
C	120	115334	298218	3961608	
C	121	12	26	38	
C	121	114709	299338	3962143	
C	122	12	26	38	
C	122	116658	304285	3962583	
C	123	12	26	38	
C	123	117181	307817	4001325	
C	124	12	26	38	
C	124	118947	313960	3992545	
C	125	12	26	38	
C	125	116289	307826	3965918	
C	126	12	26	38	
C	126	120778	318700	3953398	
C	127	12	26	38	
C	127	120457	315537	3923192	
C	128	12	26	38	
C	128	117443	307773	3873316	
C	129	12	26	38	
C	129	128741	332164	3851637	
C	130	12	26	38	
C	130	122832	316178	3812765	
C	131	12	26	38	
C	131	114164	295929	3798652	
C	132	12	26	38	
C	132	121754	315580	3827338	
C	133	12	26	38	
C	133	122134	319760	3850514	
C	134	12	26	38	
C	134	118381	312585	3846743	
C	135	12	26	38	
C	135	121513	320347	3851196	
C	136	12	26	38	
C	136	124547	325406	3820787	
C	137	12	26	38	
C	137	132769	343579	3767007	
C	138	12	26	38	
C	138	139106	358179	3737086	
C	139	12	26	38	
C	139	128491	331031	3689763	
C	140	12	26	38	
C	140	120298	311513	3632830	
C	141	12	26	38	
C	141	124089	320640	3636811	
C	142	12	26	38	
C	142	128777	331858	3643997	
C	143	12	26	38	
C	143	126662	328495	3655030	
C	144	12	26	38	
C	144	123787	324711	3689906	
C	145	12	26	38	
C	145	126697	333502	3682549	
C	146	12	26	38	
C	146	127611	333492	3647613	
C	147	12	26	38	
C	147	121191	318060	3616466	
C	148	12	26	38	
C	148	125969	326841	3559591	
C	149	12	26	38	
C	149	128741	332872	3497033	
C	150	12	26	38	
C	150	149251	382407	3469692	
N	0	3	
N	0	105	
N	1	3	
N	1	16	
N	2	
N	2	
N	3	
N	3	
N	4	
N	4	
N	5	
N	5	
N	6	
N	6	
N	7	
N	7	
N	8	
N	8	
N	9	
N	9	
N	10	3	
N	10	3080	
N	11	3	
N	11	815	
N	12	
N	12	
N	13	
N	13	
N	14	
N	14	
N	15	
N	15	
N	16	
N	16	
N	17	
N	17	
N	18	
N	18	
N	19	
N	19	
N	20	
N	20	
N	21	
N	21	
N	22	
N	22	
N	23	
N	23	
N	24	
N	24	
N	25	
N	25	
N	26	
N	26	
N	27	
N	27	
N	28	
N	28	
N	29	
N	29	
N	30	
N	30	
N	31	
N	31	
N	32	
N	32	
N	33	
N	33	
N	34	
N	34	
N	35	
N	35	
N	36	
N	36	
N	37	
N	37	
N	38	
N	38	
N	39	
N	39	
N	40	
N	40	
N	41	
N	41	
N	42	
N	42	
N	43	
N	43	
N	44	
N	44	
N	45	
N	45	
N	46	
N	46	
N	47	
N	47	
N	48	
N	48	
N	49	
N	49	
N	50	
N	50	
N	51	
N	51	
N	52	
N	52	
N	53	
N	53	
N	54	
N	54	
N	55	
N	55	
N	56	
N	56	
N	57	
N	57	
N	58	
N	58	
N	59	
N	59	
N	60	
N	60	
N	61	
N	61	
N	62	
N	62	
N	63	
N	63	
N	64	
N	64	
N	65	
N	65	
N	66	
N	66	
N	67	
N	67	
N	68	
N	68	
N	69	
N	69	
N	70	
N	70	
N	71	
N	71	
N	72	
N	72	
N	73	
N	73	
N	74	
N	74	
N	75	
N	75	
N	76	
N	76	
N	77	
N	77	
N	78	
N	78	
N	79	
N	79	
N	80	
N	80	
N	81	
N	81	
N	82	
N	82	
N	83	
N	83	
N	84	
N	84	
N	85	
N	85	
N	86	
N	86	
N	87	
N	87	
N	88	
N	88	
N	89	
N	89	
N	90	3	
N	90	16137	
N	91	
N	91	
N	92	3	
N	92	4137	
N	93	3	
N	93	644	
N	94	
N	94	
N	95	
N	95	
N	96	
N	96	
N	97	
N	97	
N	98	
N	98	
N	99	
N	99	
N	100	
N	100	
N	101	
N	101	
N	102	
N	102	
N	103	
N	103	
N	104	
N	104	
N	105	
N	105	
N	106	
N	106	
N	107	
N	107	
N	108	
N	108	
N	109	
N	109	
N	110	
N	110	
N	111	
N	111	
N	112	
N	112	
N	113	
N	113	
N	114	
N	114	
N	115	
N	115	
N	116	
N	116	
N	117	
N	117	
N	118	
N	118	
N	119	
N	119	
N	120	
N	120	
N	121	
N	121	
N	122	
N	122	
N	123	
N	123	
N	124	
N	124	
N	125	
N	125	
N	126	
N	126	
N	127	
N	127	
N	128	
N	128	
N	129	3	
N	129	28	
N	130	
N	130	
N	131	
N	131	
N	132	
N	132	
N	133	
N	133	
N	134	3	
N	134	26	
N	135	3	
N	135	1	
N	136	3	
N	136	6866	
N	137	3	
N	137	147	
N	138	3	
N	138	4	
N	139	
N	139	
N	140	
N	140	
N	141	
N	141	
N	142	3	
N	142	24	
N	143	3	
N	143	35	
N	144	
N	144	
N	145	3	
N	145	54	
N	146	3	
N	146	5	
N	147	
N	147	
N	148	3	
N	148	3	
N	149	3	
N	149	6	
N	150	3	
N	150	4	
